image_filename,image_width,image_height,class_id,x_min,y_min,x_max,y_max,bbox_width,bbox_height
dc1000_195.png,2943,1435,0,1092,881,1106,901,14,20
dc1000_195.png,2943,1435,0,957,872,967,884,10,12
dc1000_195.png,2943,1435,0,1015,847,1023,864,8,17
dc1000_195.png,2943,1435,0,1111,759,1123,775,12,16
dc1000_195.png,2943,1435,0,2081,737,2147,792,66,55
dc1000_195.png,2943,1435,0,1855,713,1868,723,13,10
dc1000_195.png,2943,1435,0,715,702,820,827,105,125
dc1000_195.png,2943,1435,0,716,676,734,700,18,24
dc1000_195.png,2943,1435,0,751,572,791,608,40,36
dc1000_181.png,2943,1435,0,1176,903,1189,915,13,12
dc1000_181.png,2943,1435,0,1224,890,1229,907,5,17
dc1000_181.png,2943,1435,0,1254,886,1278,916,24,30
dc1000_181.png,2943,1435,0,1811,885,1821,897,10,12
dc1000_181.png,2943,1435,0,1245,867,1252,876,7,9
dc1000_181.png,2943,1435,0,1138,859,1168,894,30,35
dc1000_181.png,2943,1435,0,1943,854,1956,868,13,14
dc1000_181.png,2943,1435,0,1623,849,1637,863,14,14
dc1000_181.png,2943,1435,0,1253,838,1316,873,63,35
dc1000_181.png,2943,1435,0,1680,833,1722,872,42,39
dc1000_181.png,2943,1435,0,1968,824,1991,853,23,29
dc1000_181.png,2943,1435,0,1773,823,1812,878,39,55
dc1000_181.png,2943,1435,0,967,820,1010,879,43,59
dc1000_181.png,2943,1435,0,1326,807,1365,839,39,32
dc1000_181.png,2943,1435,0,1809,806,1871,878,62,72
dc1000_181.png,2943,1435,0,1157,634,1216,710,59,76
dc1000_181.png,2943,1435,0,1147,587,1184,646,37,59
dental_radiography_0078_jpg.rf.3df5e76aaf3853ffeb55283ed9666c1e.jpg,512,256,0,154,138,190,163,36,25
dc1000_630.png,2943,1435,0,1933,909,1957,941,24,32
dc1000_630.png,2943,1435,0,1988,846,2011,860,23,14
dc1000_630.png,2943,1435,0,1624,755,1632,766,8,11
dc1000_630.png,2943,1435,0,1156,730,1166,746,10,16
dc1000_630.png,2943,1435,0,1091,717,1104,747,13,30
dc1000_630.png,2943,1435,0,1755,716,1778,757,23,41
dc1000_630.png,2943,1435,0,889,707,913,717,24,10
dc1000_630.png,2943,1435,0,1851,706,1861,735,10,29
dc1000_630.png,2943,1435,0,1829,684,1847,720,18,36
dc1000_630.png,2943,1435,0,865,677,883,706,18,29
dc1000_156.png,2943,1435,0,1139,855,1155,869,16,14
dc1000_156.png,2943,1435,0,2105,791,2137,858,32,67
dc1000_156.png,2943,1435,0,871,790,879,804,8,14
dc1000_156.png,2943,1435,0,2033,773,2077,786,44,13
dc1000_156.png,2943,1435,0,1415,770,1433,799,18,29
dc1000_156.png,2943,1435,0,1537,753,1548,788,11,35
dc1000_156.png,2943,1435,0,2050,737,2057,763,7,26
dc1000_142.png,2943,1435,0,1742,899,1753,912,11,13
dc1000_142.png,2943,1435,0,1826,863,1832,874,6,11
dc1000_142.png,2943,1435,0,862,838,875,860,13,22
dc1000_142.png,2943,1435,0,944,818,953,825,9,7
dc1000_142.png,2943,1435,0,872,780,885,787,13,7
dc1000_142.png,2943,1435,0,854,777,866,786,12,9
dc1000_142.png,2943,1435,0,1904,691,1919,714,15,23
dc1000_142.png,2943,1435,0,862,653,871,661,9,8
dc1000_142.png,2943,1435,0,2058,629,2072,659,14,30
dc1000_142.png,2943,1435,0,799,582,868,661,69,79
dc1000_624.png,2943,1435,0,1932,973,1953,988,21,15
dc1000_624.png,2943,1435,0,1590,956,1674,1017,84,61
dc1000_624.png,2943,1435,0,1743,953,1766,975,23,22
dc1000_624.png,2943,1435,0,1167,939,1179,954,12,15
dc1000_624.png,2943,1435,0,1850,919,1879,946,29,27
dc1000_624.png,2943,1435,0,1819,906,1842,948,23,42
dc1000_624.png,2943,1435,0,1901,836,1989,926,88,90
dc1000_624.png,2943,1435,0,1613,759,1630,782,17,23
dc1000_624.png,2943,1435,0,1645,745,1664,784,19,39
dental_radiography_0054_jpg.rf.b81c1de4282e2881bc92f9d5b6ca106f.jpg,512,256,0,298,57,329,108,31,51
opg_xray_5.jpg,1184,618,0,259,289,338,410,80,121
dc1000_618.png,2943,1435,0,1899,936,1924,954,25,18
dc1000_618.png,2943,1435,0,1142,888,1191,919,49,31
dc1000_618.png,2943,1435,0,1839,880,1925,944,86,64
dc1000_618.png,2943,1435,0,940,880,947,887,7,7
dc1000_618.png,2943,1435,0,1960,863,1983,887,23,24
dental_radiography_0180_jpg.rf.f74c66bb6212781fc6e6404fffe7ab9d.jpg,512,256,0,100,143,136,186,36,43
dental_radiography_0180_jpg.rf.f74c66bb6212781fc6e6404fffe7ab9d.jpg,512,256,0,364,147,392,190,28,43
dental_radiography_0180_jpg.rf.f74c66bb6212781fc6e6404fffe7ab9d.jpg,512,256,0,139,159,171,194,32,35
dental_radiography_0511_jpg.rf.b1326c3c6b6a7912bf59256595ad5ab6.jpg,512,256,0,319,106,344,140,25,34
dental_radiography_0511_jpg.rf.b1326c3c6b6a7912bf59256595ad5ab6.jpg,512,256,0,305,112,318,141,13,29
dental_radiography_0511_jpg.rf.b1326c3c6b6a7912bf59256595ad5ab6.jpg,512,256,0,161,151,178,177,17,26
dental_radiography_0511_jpg.rf.b1326c3c6b6a7912bf59256595ad5ab6.jpg,512,256,0,172,156,195,180,23,24
opg_xray_19.jpg,1203,596,0,807,318,931,437,124,119
dc1000_383.png,2943,1435,0,1182,780,1190,788,8,8
dc1000_383.png,2943,1435,0,1109,748,1125,772,16,24
dc1000_383.png,2943,1435,0,1558,720,1578,743,20,23
dc1000_383.png,2943,1435,0,910,720,960,780,50,60
opg_xray_25.jpg,1203,642,0,732,314,806,441,75,128
opg_xray_25.jpg,1203,642,0,779,311,876,446,97,135
dc1000_354.png,2943,1435,0,1544,961,1574,997,30,36
dc1000_354.png,2943,1435,0,1664,951,1678,968,14,17
dc1000_354.png,2943,1435,0,858,913,889,936,31,23
dc1000_354.png,2943,1435,0,1008,894,1049,962,41,68
dc1000_354.png,2943,1435,0,1698,870,1708,878,10,8
dc1000_432.png,2943,1435,0,1960,880,1984,909,24,29
dc1000_432.png,2943,1435,0,1886,856,1901,879,15,23
dc1000_432.png,2943,1435,0,2006,842,2018,847,12,5
dc1000_432.png,2943,1435,0,2073,831,2099,847,26,16
dc1000_432.png,2943,1435,0,1896,760,1916,786,20,26
dc1000_432.png,2943,1435,0,1159,747,1163,765,4,18
dc1000_432.png,2943,1435,0,1152,747,1157,767,5,20
dc1000_432.png,2943,1435,0,1075,715,1105,754,30,39
dc1000_432.png,2943,1435,0,1380,708,1393,736,13,28
dc1000_432.png,2943,1435,0,2048,679,2151,771,103,92
dc1000_432.png,2943,1435,0,849,662,951,749,102,87
dc1000_426.png,2943,1435,0,1251,911,1266,921,15,10
dc1000_426.png,2943,1435,0,1544,868,1589,934,45,66
dc1000_426.png,2943,1435,0,1267,842,1306,914,39,72
dc1000_426.png,2943,1435,0,1819,805,1847,836,28,31
dc1000_426.png,2943,1435,0,1669,785,1686,791,17,6
dental_radiography_0685_jpg.rf.5bb224ce77b968f04822bedaa1a0db67.jpg,512,256,0,141,132,161,163,20,31
dental_radiography_0163_jpg.rf.6697c199c6927c597f0db104e9c9c8e4.jpg,512,256,0,136,69,172,136,36,67
dental_radiography_0120_jpg.rf.a2613fc285ab4414eef4285dc6ce88ad.jpg,512,256,0,160,102,184,136,24,34
dc1000_585.png,2943,1435,0,1326,880,1340,910,14,30
dc1000_585.png,2943,1435,0,1588,871,1609,901,21,30
dc1000_585.png,2943,1435,0,1520,870,1526,878,6,8
dc1000_585.png,2943,1435,0,1538,867,1550,882,12,15
dc1000_585.png,2943,1435,0,1782,818,1813,838,31,20
dc1000_585.png,2943,1435,0,1839,644,1859,668,20,24
dc1000_585.png,2943,1435,0,1765,639,1783,666,18,27
dc1000_585.png,2943,1435,0,1666,624,1687,680,21,56
dc1000_585.png,2943,1435,0,1842,612,1859,637,17,25
dc1000_585.png,2943,1435,0,1693,600,1706,613,13,13
dc1000_591.png,2943,1435,0,1600,935,1614,954,14,19
dc1000_591.png,2943,1435,0,1291,902,1302,926,11,24
dc1000_591.png,2943,1435,0,1108,900,1130,925,22,25
dc1000_591.png,2943,1435,0,1595,894,1605,910,10,16
dc1000_591.png,2943,1435,0,977,881,989,892,12,11
dc1000_591.png,2943,1435,0,1131,877,1160,934,29,57
dc1000_591.png,2943,1435,0,1268,862,1285,883,17,21
dc1000_591.png,2943,1435,0,1414,849,1428,863,14,14
dc1000_591.png,2943,1435,0,857,837,881,870,24,33
dc1000_591.png,2943,1435,0,1058,653,1074,671,16,18
dc1000_591.png,2943,1435,0,1079,650,1100,684,21,34
dc1000_220.png,2943,1435,0,1029,794,1043,808,14,14
dc1000_220.png,2943,1435,0,2033,773,2059,805,26,32
dc1000_220.png,2943,1435,0,893,750,904,768,11,18
dc1000_220.png,2943,1435,0,2056,728,2126,800,70,72
dc1000_220.png,2943,1435,0,1409,720,1424,740,15,20
dc1000_220.png,2943,1435,0,843,717,858,733,15,16
dc1000_220.png,2943,1435,0,1354,705,1368,723,14,18
dc1000_220.png,2943,1435,0,795,695,835,719,40,24
dc1000_220.png,2943,1435,0,1766,676,1779,690,13,14
dc1000_220.png,2943,1435,0,1201,653,1225,691,24,38
dc1000_220.png,2943,1435,0,1899,647,1909,652,10,5
dc1000_220.png,2943,1435,0,1860,643,1887,663,27,20
dc1000_220.png,2943,1435,0,1146,628,1186,671,40,43
dc1000_220.png,2943,1435,0,1808,620,1845,665,37,45
dc1000_220.png,2943,1435,0,992,607,1009,638,17,31
dc1000_220.png,2943,1435,0,1015,596,1065,658,50,62
dc1000_220.png,2943,1435,0,823,532,883,612,60,80
dc1000_546.png,2943,1435,0,818,931,841,964,23,33
dc1000_546.png,2943,1435,0,814,885,825,910,11,25
dc1000_546.png,2943,1435,0,721,837,810,924,89,87
dc1000_546.png,2943,1435,0,1101,830,1112,838,11,8
dc1000_546.png,2943,1435,0,1046,802,1082,842,36,40
dc1000_552.png,2943,1435,0,1316,958,1325,968,9,10
dc1000_552.png,2943,1435,0,1302,955,1310,968,8,13
dc1000_552.png,2943,1435,0,1072,893,1086,905,14,12
dc1000_552.png,2943,1435,0,2035,870,2055,904,20,34
dc1000_552.png,2943,1435,0,839,842,884,899,45,57
dc1000_552.png,2943,1435,0,1005,730,1019,746,14,16
dc1000_552.png,2943,1435,0,1881,722,1890,746,9,24
dc1000_552.png,2943,1435,0,1888,704,1897,725,9,21
dc1000_552.png,2943,1435,0,995,698,1011,725,16,27
dc1000_234.png,2943,1435,0,1172,895,1185,941,13,46
dc1000_234.png,2943,1435,0,1110,894,1121,904,11,10
dc1000_234.png,2943,1435,0,976,679,989,707,13,28
dc1000_234.png,2943,1435,0,1928,669,1987,734,59,65
dc1000_208.png,2943,1435,0,1800,948,1821,968,21,20
dc1000_208.png,2943,1435,0,1900,936,1907,951,7,15
dc1000_208.png,2943,1435,0,1044,919,1053,928,9,9
dc1000_208.png,2943,1435,0,986,905,999,916,13,11
dc1000_208.png,2943,1435,0,975,905,983,912,8,7
dc1000_208.png,2943,1435,0,1554,817,1562,834,8,17
dental_radiography_0801_jpg.rf.e3e799ad12fe11d78469e18456264be6.jpg,512,256,0,176,75,200,105,24,30
dental_radiography_0801_jpg.rf.e3e799ad12fe11d78469e18456264be6.jpg,512,256,0,153,73,177,104,24,31
dc1000_793.png,2943,1435,0,1862,902,1863,903,1,1
dc1000_793.png,2943,1435,0,1859,901,1860,902,1,1
dc1000_793.png,2943,1435,0,1850,889,1858,901,8,12
dc1000_793.png,2943,1435,0,1990,863,2011,890,21,27
dc1000_793.png,2943,1435,0,949,859,974,882,25,23
dc1000_793.png,2943,1435,0,898,856,935,922,37,66
dc1000_963.png,2943,1435,0,1818,862,1835,889,17,27
dc1000_963.png,2943,1435,0,982,844,993,856,11,12
dc1000_963.png,2943,1435,0,1849,783,1908,820,59,37
dc1000_963.png,2943,1435,0,840,729,855,748,15,19
dc1000_963.png,2943,1435,0,772,594,857,692,85,98
dental_radiography_0793_jpg.rf.6b4bb8d3b6d55ae340b7301835294fe8.jpg,512,256,0,105,134,134,185,29,51
dental_radiography_0793_jpg.rf.6b4bb8d3b6d55ae340b7301835294fe8.jpg,512,256,0,376,132,403,185,27,53
dc1000_750.png,2943,1435,0,1935,909,1944,928,9,19
dc1000_750.png,2943,1435,0,1313,891,1318,894,5,3
dc1000_750.png,2943,1435,0,1864,875,1872,886,8,11
dc1000_750.png,2943,1435,0,1387,868,1393,875,6,7
dc1000_750.png,2943,1435,0,1227,867,1243,893,16,26
dc1000_750.png,2943,1435,0,843,779,912,899,69,120
dc1000_750.png,2943,1435,0,1984,715,2039,800,55,85
dc1000_750.png,2943,1435,0,1978,672,1990,694,12,22
dc1000_778.png,2943,1435,0,2034,815,2049,826,15,11
dc1000_778.png,2943,1435,0,1282,792,1290,810,8,18
dc1000_778.png,2943,1435,0,1678,788,1704,829,26,41
dc1000_778.png,2943,1435,0,1795,647,1812,666,17,19
dc1000_778.png,2943,1435,0,1176,644,1185,660,9,16
dc1000_778.png,2943,1435,0,1101,637,1118,656,17,19
dc1000_778.png,2943,1435,0,1074,628,1096,661,22,33
dc1000_778.png,2943,1435,0,879,626,889,645,10,19
dc1000_778.png,2943,1435,0,952,623,976,665,24,42
dc1000_778.png,2943,1435,0,992,615,1035,695,43,80
opg_xray_112.jpg,1142,529,0,696,291,787,422,92,131
opg_xray_112.jpg,1142,529,0,396,162,461,287,66,125
opg_xray_112.jpg,1142,529,0,342,143,410,281,68,138
dental_radiography_0588_jpg.rf.361dcb36324e52a53c0740bcc62614f9.jpg,512,256,0,125,137,155,195,30,58
dental_radiography_0588_jpg.rf.361dcb36324e52a53c0740bcc62614f9.jpg,512,256,0,122,71,157,134,35,63
dental_radiography_0588_jpg.rf.361dcb36324e52a53c0740bcc62614f9.jpg,512,256,0,322,78,361,142,39,64
opg_xray_113.jpg,1163,503,0,363,258,457,365,94,107
dental_radiography_0533_jpg.rf.df5ac7e2944cc2b2b3856912ca3e733a.jpg,512,256,0,199,85,222,131,23,46
dental_radiography_0666_jpg.rf.f7dd2645e38d04814195f47d40f15cef.jpg,512,256,0,224,96,241,144,17,48
dental_radiography_0688_jpg.rf.152fb99de9e0af07c5546e20e966b140.jpg,512,256,0,109,121,145,157,36,36
dc1000_786.png,2943,1435,0,1944,850,1961,867,17,17
dc1000_786.png,2943,1435,0,1800,836,1825,858,25,22
dc1000_786.png,2943,1435,0,1112,825,1125,833,13,8
dc1000_786.png,2943,1435,0,1963,810,1999,850,36,40
dc1000_786.png,2943,1435,0,876,792,880,796,4,4
dc1000_786.png,2943,1435,0,1487,780,1497,792,10,12
dc1000_786.png,2943,1435,0,1485,734,1508,775,23,41
dc1000_786.png,2943,1435,0,1461,730,1479,766,18,36
dc1000_786.png,2943,1435,0,1178,661,1185,665,7,4
dc1000_786.png,2943,1435,0,1192,656,1200,660,8,4
dc1000_786.png,2943,1435,0,1088,637,1150,705,62,68
dc1000_209.png,2943,1435,0,1026,805,1035,816,9,11
dc1000_209.png,2943,1435,0,1014,803,1022,815,8,12
dental_radiography_0400_jpg.rf.43874f272128dcc1b112031537f982e8.jpg,512,256,0,172,122,191,164,19,42
dental_radiography_0400_jpg.rf.43874f272128dcc1b112031537f982e8.jpg,512,256,0,127,75,159,117,32,42
dental_radiography_0400_jpg.rf.43874f272128dcc1b112031537f982e8.jpg,512,256,0,361,71,399,114,38,43
dental_radiography_0400_jpg.rf.43874f272128dcc1b112031537f982e8.jpg,512,256,0,221,60,247,104,26,44
dc1000_235.png,2943,1435,0,1710,907,1721,923,11,16
dc1000_235.png,2943,1435,0,1770,899,1779,912,9,13
dc1000_235.png,2943,1435,0,1929,890,1969,917,40,27
dc1000_235.png,2943,1435,0,1781,872,1806,917,25,45
dc1000_235.png,2943,1435,0,1018,865,1028,876,10,11
dc1000_235.png,2943,1435,0,1037,858,1064,874,27,16
dc1000_235.png,2943,1435,0,1876,856,1907,913,31,57
dc1000_235.png,2943,1435,0,1102,853,1145,905,43,52
dc1000_235.png,2943,1435,0,1840,850,1849,857,9,7
dc1000_235.png,2943,1435,0,1788,834,1797,840,9,6
dc1000_235.png,2943,1435,0,1257,823,1279,839,22,16
dc1000_235.png,2943,1435,0,1163,822,1188,888,25,66
dc1000_235.png,2943,1435,0,2003,769,2058,851,55,82
dc1000_235.png,2943,1435,0,2054,748,2127,817,73,69
dc1000_235.png,2943,1435,0,852,744,868,765,16,21
dc1000_235.png,2943,1435,0,1090,704,1111,730,21,26
dc1000_235.png,2943,1435,0,1967,695,1987,715,20,20
dc1000_235.png,2943,1435,0,1060,687,1087,734,27,47
dc1000_235.png,2943,1435,0,917,663,971,684,54,21
dc1000_235.png,2943,1435,0,2054,651,2090,696,36,45
dc1000_235.png,2943,1435,0,1166,650,1228,759,62,109
dc1000_221.png,2943,1435,0,1922,846,1970,878,48,32
dc1000_221.png,2943,1435,0,950,834,970,880,20,46
dc1000_221.png,2943,1435,0,1844,735,1880,781,36,46
dc1000_221.png,2943,1435,0,1991,729,2001,737,10,8
dc1000_221.png,2943,1435,0,1073,727,1112,780,39,53
dc1000_221.png,2943,1435,0,2016,691,2036,735,20,44
dc1000_547.png,2943,1435,0,1132,713,1171,773,39,60
dental_radiography_0685_jpg.rf.5158862f30aef846f758266f86f960f1.jpg,512,256,0,351,132,371,163,20,31
dc1000_590.png,2943,1435,0,1951,852,2007,900,56,48
dc1000_590.png,2943,1435,0,2061,816,2076,834,15,18
dc1000_590.png,2943,1435,0,2056,801,2066,808,10,7
dc1000_590.png,2943,1435,0,1926,799,1981,835,55,36
dc1000_590.png,2943,1435,0,1446,786,1471,820,25,34
dc1000_590.png,2943,1435,0,2009,783,2056,804,47,21
dc1000_590.png,2943,1435,0,1247,766,1261,798,14,32
dc1000_590.png,2943,1435,0,1290,733,1305,769,15,36
dc1000_590.png,2943,1435,0,1613,723,1718,783,105,60
dc1000_590.png,2943,1435,0,1747,698,1811,785,64,87
dc1000_584.png,2943,1435,0,1048,854,1064,877,16,23
dc1000_584.png,2943,1435,0,1077,847,1139,898,62,51
dc1000_584.png,2943,1435,0,1764,786,1803,837,39,51
dc1000_584.png,2943,1435,0,1207,779,1266,817,59,38
dc1000_584.png,2943,1435,0,1137,766,1190,817,53,51
dc1000_584.png,2943,1435,0,1736,746,1761,792,25,46
dc1000_584.png,2943,1435,0,1020,746,1124,807,104,61
dc1000_584.png,2943,1435,0,892,728,895,734,3,6
dental_radiography_0073_jpg.rf.0a3fc448611ebb614d068de0e7bf25a6.jpg,512,256,0,95,108,132,146,37,38
dc1000_369.png,2943,1435,0,1126,933,1142,947,16,14
dc1000_369.png,2943,1435,0,1569,902,1604,946,35,44
dc1000_369.png,2943,1435,0,1131,888,1144,895,13,7
dc1000_369.png,2943,1435,0,1920,824,1987,902,67,78
dc1000_369.png,2943,1435,0,1327,798,1345,830,18,32
dc1000_369.png,2943,1435,0,1692,773,1708,791,16,18
dc1000_369.png,2943,1435,0,1144,742,1203,802,59,60
dc1000_369.png,2943,1435,0,995,732,1020,754,25,22
dc1000_369.png,2943,1435,0,1914,660,1929,684,15,24
dc1000_427.png,2943,1435,0,894,647,1004,737,110,90
dc1000_427.png,2943,1435,0,1095,634,1102,644,7,10
dc1000_427.png,2943,1435,0,2025,616,2071,645,46,29
dc1000_427.png,2943,1435,0,1855,609,1966,699,111,90
dc1000_427.png,2943,1435,0,2140,529,2177,586,37,57
dc1000_433.png,2943,1435,0,1211,883,1224,893,13,10
dc1000_433.png,2943,1435,0,1938,851,1968,905,30,54
dc1000_433.png,2943,1435,0,1887,839,1896,846,9,7
dc1000_433.png,2943,1435,0,1833,835,1844,860,11,25
dc1000_433.png,2943,1435,0,1962,834,2010,878,48,44
dc1000_433.png,2943,1435,0,1689,834,1737,891,48,57
dc1000_433.png,2943,1435,0,1027,834,1055,897,28,63
dc1000_433.png,2943,1435,0,872,824,887,847,15,23
dc1000_433.png,2943,1435,0,999,823,1028,877,29,54
dc1000_433.png,2943,1435,0,895,815,930,864,35,49
dc1000_433.png,2943,1435,0,991,809,1013,821,22,12
dc1000_433.png,2943,1435,0,1976,804,2003,812,27,8
dc1000_433.png,2943,1435,0,2060,739,2072,751,12,12
dc1000_433.png,2943,1435,0,1089,685,1097,700,8,15
opg_xray_30.jpg,1203,669,0,763,372,896,510,132,139
opg_xray_18.jpg,1203,723,0,387,313,454,455,67,142
dental_radiography_0639_jpg.rf.15e60af9d988588d7d28aa63a90722fa.jpg,512,256,0,390,112,424,156,34,44
dc1000_396.png,2943,1435,0,981,798,988,810,7,12
dc1000_396.png,2943,1435,0,771,781,798,824,27,43
dc1000_396.png,2943,1435,0,995,635,1038,678,43,43
dc1000_396.png,2943,1435,0,1877,611,1941,694,64,83
dc1000_396.png,2943,1435,0,704,594,731,629,27,35
dc1000_619.png,2943,1435,0,1873,901,1892,915,19,14
dc1000_619.png,2943,1435,0,1282,779,1312,837,30,58
dc1000_619.png,2943,1435,0,1045,708,1056,724,11,16
dental_radiography_0153_jpg.rf.5bf36b7833cea7b771abc5f6f9edc1af.jpg,512,256,0,122,61,150,91,28,30
dental_radiography_0153_jpg.rf.5bf36b7833cea7b771abc5f6f9edc1af.jpg,512,256,0,195,59,211,88,16,29
dc1000_143.png,2943,1435,0,1279,979,1290,995,11,16
dc1000_143.png,2943,1435,0,1772,928,1794,942,22,14
dc1000_143.png,2943,1435,0,1093,893,1100,899,7,6
dc1000_143.png,2943,1435,0,1111,884,1123,893,12,9
dc1000_143.png,2943,1435,0,1135,774,1147,780,12,6
dc1000_143.png,2943,1435,0,2072,705,2082,717,10,12
dc1000_143.png,2943,1435,0,795,627,859,695,64,68
dc1000_625.png,2943,1435,0,1039,876,1064,893,25,17
dc1000_625.png,2943,1435,0,2023,819,2094,864,71,45
dc1000_625.png,2943,1435,0,1554,766,1562,772,8,6
dc1000_625.png,2943,1435,0,1337,764,1356,778,19,14
dc1000_625.png,2943,1435,0,1991,673,2009,704,18,31
dc1000_625.png,2943,1435,0,959,668,978,698,19,30
dc1000_625.png,2943,1435,0,2078,662,2117,697,39,35
dc1000_631.png,2943,1435,0,1934,921,1944,937,10,16
dc1000_631.png,2943,1435,0,1005,913,1015,931,10,18
dc1000_631.png,2943,1435,0,1064,890,1072,899,8,9
dc1000_631.png,2943,1435,0,922,861,938,871,16,10
dc1000_631.png,2943,1435,0,1975,851,2011,879,36,28
dc1000_631.png,2943,1435,0,780,788,856,827,76,39
dc1000_631.png,2943,1435,0,1980,716,1995,747,15,31
dc1000_631.png,2943,1435,0,736,590,807,671,71,81
dc1000_157.png,2943,1435,0,1764,891,1772,899,8,8
dc1000_157.png,2943,1435,0,1888,883,1897,896,9,13
dc1000_157.png,2943,1435,0,1016,854,1023,862,7,8
dc1000_157.png,2943,1435,0,1053,844,1094,866,41,22
dc1000_157.png,2943,1435,0,1077,819,1095,831,18,12
dc1000_157.png,2943,1435,0,895,816,906,832,11,16
dc1000_157.png,2943,1435,0,1050,802,1082,836,32,34
dc1000_157.png,2943,1435,0,1511,770,1524,778,13,8
dc1000_157.png,2943,1435,0,1989,700,2000,716,11,16
dc1000_157.png,2943,1435,0,1936,694,1974,759,38,65
dc1000_157.png,2943,1435,0,2101,669,2128,724,27,55
dc1000_157.png,2943,1435,0,896,654,914,681,18,27
dental_radiography_0517_jpg.rf.d339dba394f260a940c712a15864b05f.jpg,512,256,0,302,165,321,201,19,36
dental_radiography_0517_jpg.rf.d339dba394f260a940c712a15864b05f.jpg,512,256,0,201,150,237,207,36,57
dc1000_180.png,2943,1435,0,1656,961,1669,975,13,14
dc1000_180.png,2943,1435,0,1281,915,1294,927,13,12
dc1000_180.png,2943,1435,0,1678,907,1688,918,10,11
dc1000_180.png,2943,1435,0,1873,714,1888,740,15,26
dc1000_182.png,2943,1435,0,1555,983,1565,998,10,15
dc1000_182.png,2943,1435,0,1325,962,1330,969,5,7
dc1000_182.png,2943,1435,0,1991,830,2003,843,12,13
dc1000_182.png,2943,1435,0,1747,719,1760,731,13,12
dc1000_182.png,2943,1435,0,1061,686,1074,707,13,21
dc1000_182.png,2943,1435,0,2132,654,2139,667,7,13
dc1000_182.png,2943,1435,0,2094,644,2118,666,24,22
dc1000_182.png,2943,1435,0,2081,620,2110,640,29,20
dc1000_182.png,2943,1435,0,754,581,863,699,109,118
dc1000_196.png,2943,1435,0,1615,900,1638,930,23,30
dc1000_196.png,2943,1435,0,1967,875,1978,885,11,10
dc1000_196.png,2943,1435,0,1943,810,1958,817,15,7
dc1000_196.png,2943,1435,0,1998,806,2013,830,15,24
dc1000_196.png,2943,1435,0,973,653,983,663,10,10
dental_radiography_0867_jpg.rf.cb9ce537626e49dfc1ccc2c8f26caf15.jpg,512,256,0,344,75,368,102,24,27
dental_radiography_0605_jpg.rf.6d6352b6391a8410bed4de7a9f6f1466.jpg,512,256,0,332,117,361,154,29,37
dc1000_814.png,2943,1435,0,1624,926,1636,947,12,21
dc1000_814.png,2943,1435,0,1367,922,1382,943,15,21
dc1000_814.png,2943,1435,0,1387,908,1398,933,11,25
dc1000_814.png,2943,1435,0,1194,889,1215,917,21,28
dc1000_814.png,2943,1435,0,1082,877,1111,896,29,19
dc1000_814.png,2943,1435,0,929,837,943,848,14,11
dc1000_814.png,2943,1435,0,1559,768,1571,784,12,16
dc1000_814.png,2943,1435,0,1334,767,1349,787,15,20
dc1000_814.png,2943,1435,0,1358,761,1365,780,7,19
dc1000_814.png,2943,1435,0,1731,745,1743,759,12,14
dc1000_814.png,2943,1435,0,1815,729,1828,743,13,14
dc1000_814.png,2943,1435,0,1153,706,1195,773,42,67
dc1000_814.png,2943,1435,0,1041,688,1062,728,21,40
dc1000_814.png,2943,1435,0,965,665,992,715,27,50
dc1000_627.png,2943,1435,0,1875,879,1885,887,10,8
dc1000_627.png,2943,1435,0,875,843,890,857,15,14
dc1000_627.png,2943,1435,0,937,831,947,839,10,8
dc1000_627.png,2943,1435,0,954,828,969,841,15,13
dc1000_627.png,2943,1435,0,1863,745,1874,761,11,16
dc1000_627.png,2943,1435,0,1089,731,1101,752,12,21
dc1000_627.png,2943,1435,0,1144,709,1160,731,16,22
dc1000_627.png,2943,1435,0,1939,658,1969,725,30,67
dc1000_141.png,2943,1435,0,1714,830,1722,840,8,10
dc1000_155.png,2943,1435,0,851,801,869,849,18,48
dc1000_155.png,2943,1435,0,1050,651,1057,658,7,7
dc1000_155.png,2943,1435,0,1035,611,1050,633,15,22
dc1000_155.png,2943,1435,0,751,548,807,608,56,60
dental_radiography_0392_jpg.rf.dee79984bf2a03bfd40508d61dcd0b51.jpg,512,256,0,303,79,318,106,15,27
dental_radiography_0392_jpg.rf.dee79984bf2a03bfd40508d61dcd0b51.jpg,512,256,0,155,129,181,157,26,28
dental_radiography_0392_jpg.rf.dee79984bf2a03bfd40508d61dcd0b51.jpg,512,256,0,175,136,198,154,23,18
dc1000_633.png,2943,1435,0,1735,941,1758,948,23,7
dc1000_633.png,2943,1435,0,1295,920,1312,952,17,32
dc1000_633.png,2943,1435,0,1879,883,1907,906,28,23
dc1000_633.png,2943,1435,0,1014,839,1048,864,34,25
dc1000_633.png,2943,1435,0,1980,704,1997,718,17,14
dc1000_633.png,2943,1435,0,2071,662,2091,688,20,26
dc1000_633.png,2943,1435,0,934,649,950,673,16,24
opg_xray_6.jpg,1189,640,0,660,395,723,548,63,153
opg_xray_6.jpg,1189,640,0,813,373,912,502,99,128
opg_xray_6.jpg,1189,640,0,193,390,316,473,123,82
opg_xray_6.jpg,1189,640,0,881,373,1001,455,120,81
dc1000_169.png,2943,1435,0,1865,857,1875,873,10,16
dc1000_169.png,2943,1435,0,1083,849,1092,858,9,9
dc1000_169.png,2943,1435,0,907,801,944,857,37,56
dc1000_169.png,2943,1435,0,2025,800,2066,862,41,62
opg_xray_26.jpg,1203,642,0,366,315,443,445,77,130
opg_xray_26.jpg,1203,642,0,414,433,481,581,68,148
opg_xray_26.jpg,1203,642,0,355,455,436,593,81,139
opg_xray_26.jpg,1203,642,0,868,450,961,570,93,120
opg_xray_32.jpg,1203,633,0,364,390,460,532,96,142
dc1000_425.png,2943,1435,0,1868,881,1878,890,10,9
dc1000_425.png,2943,1435,0,1917,869,1930,878,13,9
dc1000_425.png,2943,1435,0,881,780,995,889,114,109
dc1000_431.png,2943,1435,0,1929,848,1974,866,45,18
dc1000_431.png,2943,1435,0,1160,738,1190,804,30,66
dc1000_431.png,2943,1435,0,1278,732,1318,762,40,30
dc1000_431.png,2943,1435,0,1773,728,1794,761,21,33
dc1000_431.png,2943,1435,0,1609,725,1638,778,29,53
dc1000_431.png,2943,1435,0,1664,723,1719,769,55,46
dc1000_431.png,2943,1435,0,1205,717,1259,781,54,64
dc1000_431.png,2943,1435,0,2016,681,2043,716,27,35
dc1000_419.png,2943,1435,0,1831,750,1907,829,76,79
dc1000_419.png,2943,1435,0,1837,639,1864,652,27,13
dc1000_592.png,2943,1435,0,1259,875,1278,884,19,9
dc1000_592.png,2943,1435,0,1203,861,1211,867,8,6
dc1000_592.png,2943,1435,0,1236,858,1255,878,19,20
dc1000_592.png,2943,1435,0,1191,856,1199,865,8,9
dc1000_592.png,2943,1435,0,1201,833,1211,840,10,7
dc1000_592.png,2943,1435,0,1214,828,1230,874,16,46
dc1000_592.png,2943,1435,0,1680,817,1700,834,20,17
dc1000_592.png,2943,1435,0,1638,753,1649,759,11,6
dc1000_592.png,2943,1435,0,1768,748,1781,765,13,17
dc1000_592.png,2943,1435,0,1626,741,1644,749,18,8
dc1000_592.png,2943,1435,0,1586,712,1607,737,21,25
dc1000_592.png,2943,1435,0,1779,695,1795,724,16,29
dc1000_592.png,2943,1435,0,1838,688,1879,766,41,78
dc1000_592.png,2943,1435,0,1733,672,1782,695,49,23
dc1000_586.png,2943,1435,0,1590,954,1606,984,16,30
dc1000_586.png,2943,1435,0,1858,919,1864,924,6,5
dc1000_586.png,2943,1435,0,1165,827,1177,841,12,14
dc1000_586.png,2943,1435,0,1027,794,1053,821,26,27
dc1000_586.png,2943,1435,0,1105,787,1149,847,44,60
dc1000_586.png,2943,1435,0,913,756,933,770,20,14
dc1000_586.png,2943,1435,0,1977,729,2001,755,24,26
dc1000_586.png,2943,1435,0,914,726,920,738,6,12
dc1000_586.png,2943,1435,0,925,697,933,717,8,20
dc1000_237.png,2943,1435,0,1574,909,1588,926,14,17
dc1000_237.png,2943,1435,0,960,851,988,871,28,20
dc1000_237.png,2943,1435,0,1860,829,1957,884,97,55
dc1000_237.png,2943,1435,0,2028,824,2052,838,24,14
dc1000_237.png,2943,1435,0,1328,773,1343,792,15,19
dc1000_237.png,2943,1435,0,2002,761,2082,825,80,64
dc1000_237.png,2943,1435,0,1842,727,1859,751,17,24
dc1000_237.png,2943,1435,0,1705,708,1764,765,59,57
dc1000_237.png,2943,1435,0,1733,690,1759,710,26,20
dc1000_551.png,2943,1435,0,1345,925,1355,947,10,22
dc1000_551.png,2943,1435,0,1414,923,1424,939,10,16
dc1000_551.png,2943,1435,0,1052,886,1066,898,14,12
dc1000_551.png,2943,1435,0,2018,751,2046,762,28,11
dc1000_551.png,2943,1435,0,1089,731,1120,768,31,37
dc1000_551.png,2943,1435,0,1969,714,2010,784,41,70
dc1000_551.png,2943,1435,0,1847,698,1908,773,61,75
dc1000_551.png,2943,1435,0,2117,677,2134,702,17,25
dc1000_551.png,2943,1435,0,844,652,859,671,15,19
dental_radiography_0003_jpg.rf.ca9d51a22c825737b49a5f73d3172d23.jpg,512,256,0,325,115,361,172,36,57
dc1000_545.png,2943,1435,0,1934,868,1941,881,7,13
dc1000_545.png,2943,1435,0,2046,819,2061,843,15,24
dc1000_545.png,2943,1435,0,2060,778,2116,824,56,46
dc1000_545.png,2943,1435,0,1164,726,1174,751,10,25
dc1000_545.png,2943,1435,0,885,619,895,649,10,30
dc1000_223.png,2943,1435,0,1275,911,1284,921,9,10
dc1000_223.png,2943,1435,0,1931,907,1938,913,7,6
dc1000_223.png,2943,1435,0,1262,898,1274,917,12,19
dc1000_223.png,2943,1435,0,952,864,980,906,28,42
dc1000_223.png,2943,1435,0,870,834,921,905,51,71
dc1000_223.png,2943,1435,0,1721,794,1736,816,15,22
dc1000_223.png,2943,1435,0,930,737,961,752,31,15
dc1000_223.png,2943,1435,0,844,677,880,729,36,52
dc1000_579.png,2943,1435,0,1191,900,1198,906,7,6
dc1000_579.png,2943,1435,0,1892,842,1917,868,25,26
dc1000_579.png,2943,1435,0,1329,743,1343,759,14,16
dc1000_790.png,2943,1435,0,1633,892,1658,944,25,52
dc1000_790.png,2943,1435,0,2070,861,2084,887,14,26
dc1000_790.png,2943,1435,0,1947,843,1965,855,18,12
dc1000_790.png,2943,1435,0,1927,749,1962,772,35,23
dc1000_790.png,2943,1435,0,811,573,845,625,34,52
dc1000_784.png,2943,1435,0,916,840,937,860,21,20
dc1000_784.png,2943,1435,0,829,773,907,873,78,100
dc1000_784.png,2943,1435,0,2119,657,2142,682,23,25
dc1000_784.png,2943,1435,0,787,617,857,695,70,78
dental_radiography_0144_jpg.rf.cd944654cce9d06bc7f31dcec922ee29.jpg,512,256,0,145,163,171,198,26,35
dental_radiography_0144_jpg.rf.cd944654cce9d06bc7f31dcec922ee29.jpg,512,256,0,303,169,343,212,40,43
dental_radiography_0135_jpg.rf.13af46a49a1466541601112ab05edc2c.jpg,512,256,0,139,124,164,161,25,37
opg_xray_139.jpg,1000,525,0,583,247,635,349,52,102
opg_xray_111.jpg,938,465,0,176,222,259,311,83,89
opg_xray_104.jpg,1019,545,0,708,330,784,442,76,112
dental_radiography_0746_jpg.rf.6a691c8dd2e9f0dd2c28601afd27d7ef.jpg,512,256,0,321,75,351,107,30,32
dental_radiography_0746_jpg.rf.6a691c8dd2e9f0dd2c28601afd27d7ef.jpg,512,256,0,187,69,204,104,17,35
opg_xray_110.jpg,1199,547,0,799,268,894,407,95,139
opg_xray_110.jpg,1199,547,0,809,123,881,258,72,134
dental_radiography_0242_jpg.rf.d1a2bb76d8121be65ee2e8a97049ea34.jpg,512,256,0,373,104,397,146,24,42
dental_radiography_0012_jpg.rf.916b7a5c6895228153e732176a50a90b.jpg,512,256,0,350,75,375,104,25,29
dental_radiography_0012_jpg.rf.916b7a5c6895228153e732176a50a90b.jpg,512,256,0,341,69,362,95,21,26
dental_radiography_0012_jpg.rf.916b7a5c6895228153e732176a50a90b.jpg,512,256,0,327,65,344,95,17,30
dental_radiography_0012_jpg.rf.916b7a5c6895228153e732176a50a90b.jpg,512,256,0,312,63,328,92,16,29
dental_radiography_0012_jpg.rf.916b7a5c6895228153e732176a50a90b.jpg,512,256,0,290,60,313,92,23,32
dental_radiography_0710_jpg.rf.1ec82f15d2399e9df2252f4908e44b03.jpg,512,256,0,207,45,228,112,21,67
dental_radiography_0618_jpg.rf.83dff22f16fa6386390ff8bc3b38f336.jpg,512,256,0,77,109,108,150,31,41
dental_radiography_0127_jpg.rf.a1a7906e3b863eac81ba9fbd0606e64f.jpg,512,256,0,167,101,189,154,22,53
dc1000_578.png,2943,1435,0,1831,915,1856,960,25,45
dc1000_578.png,2943,1435,0,1733,891,1784,911,51,20
dc1000_578.png,2943,1435,0,1887,813,1978,858,91,45
dc1000_578.png,2943,1435,0,853,801,867,813,14,12
dc1000_578.png,2943,1435,0,1189,790,1205,799,16,9
dc1000_578.png,2943,1435,0,1173,778,1187,795,14,17
dc1000_578.png,2943,1435,0,1958,752,2113,841,155,89
dc1000_578.png,2943,1435,0,1750,734,1774,785,24,51
dc1000_578.png,2943,1435,0,1890,719,1921,759,31,40
dental_radiography_0232_jpg.rf.1632ccd65c8ac4c2d95e98d433ac2726.jpg,512,256,0,127,102,146,139,19,37
dental_radiography_0232_jpg.rf.1632ccd65c8ac4c2d95e98d433ac2726.jpg,512,256,0,145,103,165,140,20,37
dental_radiography_0088_jpg.rf.3bc42301f927e6216153339fc539bfdd.jpg,512,256,0,124,151,155,198,31,47
dental_radiography_0088_jpg.rf.3bc42301f927e6216153339fc539bfdd.jpg,512,256,0,179,94,199,135,20,41
dc1000_544.png,2943,1435,0,2099,871,2114,896,15,25
dc1000_544.png,2943,1435,0,1005,870,1050,911,45,41
dc1000_544.png,2943,1435,0,1048,867,1105,918,57,51
dc1000_544.png,2943,1435,0,1794,865,1820,911,26,46
dc1000_544.png,2943,1435,0,1947,859,1963,872,16,13
dc1000_544.png,2943,1435,0,2147,835,2156,843,9,8
dc1000_544.png,2943,1435,0,1963,742,1974,768,11,26
dc1000_544.png,2943,1435,0,1785,733,1849,788,64,55
dc1000_222.png,2943,1435,0,1620,922,1637,940,17,18
dc1000_222.png,2943,1435,0,1855,860,1865,868,10,8
dc1000_222.png,2943,1435,0,1772,684,1818,743,46,59
dc1000_236.png,2943,1435,0,1248,932,1265,948,17,16
dc1000_236.png,2943,1435,0,1331,924,1336,929,5,5
dc1000_236.png,2943,1435,0,1798,891,1804,897,6,6
dc1000_236.png,2943,1435,0,1665,891,1705,921,40,30
dc1000_236.png,2943,1435,0,1786,883,1799,896,13,13
dc1000_236.png,2943,1435,0,1789,873,1798,879,9,6
dc1000_236.png,2943,1435,0,903,857,914,867,11,10
dc1000_236.png,2943,1435,0,970,836,1005,851,35,15
dc1000_550.png,2949,1435,0,655,789,690,804,35,15
dc1000_550.png,2949,1435,0,2233,765,2260,800,27,35
dc1000_550.png,2949,1435,0,1831,661,1926,733,95,72
dc1000_550.png,2949,1435,0,617,657,705,712,88,55
dc1000_587.png,2943,1435,0,1905,790,1917,811,12,21
dc1000_587.png,2943,1435,0,1845,782,1854,790,9,8
dc1000_587.png,2943,1435,0,1848,768,1862,778,14,10
dc1000_587.png,2943,1435,0,1236,643,1249,665,13,22
dc1000_587.png,2943,1435,0,904,608,939,671,35,63
dc1000_587.png,2943,1435,0,867,605,902,659,35,54
dc1000_587.png,2943,1435,0,2034,595,2048,613,14,18
dc1000_587.png,2943,1435,0,2052,585,2068,617,16,32
dc1000_593.png,2943,1435,0,1552,910,1563,936,11,26
dc1000_593.png,2943,1435,0,1643,899,1714,976,71,77
dc1000_593.png,2943,1435,0,1737,878,1788,927,51,49
dc1000_593.png,2943,1435,0,1918,864,1934,893,16,29
dc1000_593.png,2943,1435,0,1679,855,1735,881,56,26
dc1000_593.png,2943,1435,0,1938,835,1951,847,13,12
dc1000_593.png,2943,1435,0,2062,830,2079,849,17,19
dc1000_593.png,2943,1435,0,2079,666,2087,678,8,12
dc1000_593.png,2943,1435,0,977,646,1006,695,29,49
dc1000_593.png,2943,1435,0,2187,635,2200,652,13,17
dc1000_593.png,2943,1435,0,2179,611,2192,624,13,13
dc1000_418.png,2943,1435,0,1426,911,1435,930,9,19
dc1000_418.png,2943,1435,0,1896,841,1925,860,29,19
dc1000_418.png,2943,1435,0,1972,816,1988,838,16,22
dc1000_418.png,2943,1435,0,2036,765,2116,860,80,95
dc1000_418.png,2943,1435,0,1050,738,1063,757,13,19
dc1000_430.png,2943,1435,0,1173,956,1215,979,42,23
dc1000_430.png,2943,1435,0,1078,945,1108,964,30,19
dc1000_430.png,2943,1435,0,1907,856,1929,886,22,30
dc1000_430.png,2943,1435,0,978,855,1028,934,50,79
dc1000_430.png,2943,1435,0,838,845,854,864,16,19
dc1000_430.png,2943,1435,0,823,843,828,848,5,5
dc1000_430.png,2943,1435,0,2041,807,2089,859,48,52
dc1000_424.png,2943,1435,0,1013,891,1034,918,21,27
dc1000_424.png,2943,1435,0,933,853,1016,925,83,72
dc1000_424.png,2943,1435,0,2012,765,2075,853,63,88
dc1000_424.png,2943,1435,0,1458,705,1477,752,19,47
dc1000_424.png,2943,1435,0,1485,700,1508,749,23,49
dc1000_424.png,2943,1435,0,1541,695,1564,747,23,52
dc1000_424.png,2943,1435,0,1398,676,1424,735,26,59
dc1000_395.png,2943,1435,0,1854,866,1934,928,80,62
dc1000_168.png,2943,1435,0,1890,882,1901,887,11,5
dc1000_168.png,2943,1435,0,1029,698,1034,704,5,6
dc1000_168.png,2943,1435,0,1986,685,1992,692,6,7
dc1000_168.png,2943,1435,0,2121,640,2163,671,42,31
dc1000_168.png,2943,1435,0,731,626,799,686,68,60
dc1000_168.png,2943,1435,0,2096,622,2137,661,41,39
dental_radiography_0170_jpg.rf.4fd8f8e6179d4c147396b5dfa63fb65e.jpg,512,256,0,177,56,195,98,18,42
dental_radiography_0170_jpg.rf.4fd8f8e6179d4c147396b5dfa63fb65e.jpg,512,256,0,196,54,210,98,14,44
dental_radiography_0170_jpg.rf.4fd8f8e6179d4c147396b5dfa63fb65e.jpg,512,256,0,174,103,196,155,22,52
dental_radiography_0170_jpg.rf.4fd8f8e6179d4c147396b5dfa63fb65e.jpg,512,256,0,311,70,329,98,18,28
dental_radiography_0170_jpg.rf.4fd8f8e6179d4c147396b5dfa63fb65e.jpg,512,256,0,273,49,292,111,19,62
dental_radiography_0170_jpg.rf.4fd8f8e6179d4c147396b5dfa63fb65e.jpg,512,256,0,201,116,216,162,15,46
dental_radiography_0889_jpg.rf.8ceefccc204d94491a7eaa08733b6c77.jpg,512,256,0,277,146,286,192,9,46
dc1000_632.png,2943,1435,0,1571,989,1584,1020,13,31
dc1000_632.png,2943,1435,0,1181,944,1204,956,23,12
dc1000_632.png,2943,1435,0,1156,935,1178,966,22,31
dc1000_632.png,2943,1435,0,2068,885,2077,897,9,12
dc1000_632.png,2943,1435,0,1993,845,2024,881,31,36
dc1000_632.png,2943,1435,0,1040,723,1058,754,18,31
dental_radiography_0943_jpg.rf.c4532e45aad7c0daf7ee10b1a18972be.jpg,512,256,0,223,167,236,208,13,41
dental_radiography_0943_jpg.rf.c4532e45aad7c0daf7ee10b1a18972be.jpg,512,256,0,209,176,222,213,13,37
dental_radiography_0943_jpg.rf.c4532e45aad7c0daf7ee10b1a18972be.jpg,512,256,0,194,172,211,211,17,39
dental_radiography_0943_jpg.rf.c4532e45aad7c0daf7ee10b1a18972be.jpg,512,256,0,346,121,368,151,22,30
dental_radiography_0943_jpg.rf.c4532e45aad7c0daf7ee10b1a18972be.jpg,512,256,0,310,164,342,205,32,41
dental_radiography_0943_jpg.rf.c4532e45aad7c0daf7ee10b1a18972be.jpg,512,256,0,144,163,181,199,37,36
dc1000_626.png,2943,1435,0,1038,889,1049,905,11,16
dc1000_626.png,2943,1435,0,1100,884,1108,890,8,6
dc1000_626.png,2943,1435,0,1879,867,1929,905,50,38
dc1000_626.png,2943,1435,0,1961,859,2019,901,58,42
dc1000_626.png,2943,1435,0,1023,859,1041,888,18,29
dc1000_626.png,2943,1435,0,1047,855,1078,876,31,21
dc1000_626.png,2943,1435,0,1446,852,1462,865,16,13
dc1000_626.png,2943,1435,0,2032,825,2054,838,22,13
dc1000_626.png,2943,1435,0,959,819,979,837,20,18
dc1000_626.png,2943,1435,0,1253,807,1265,828,12,21
dc1000_626.png,2943,1435,0,862,804,931,839,69,35
dc1000_626.png,2943,1435,0,857,779,874,797,17,18
dc1000_626.png,2943,1435,0,2100,776,2139,825,39,49
dc1000_626.png,2943,1435,0,2011,746,2027,757,16,11
dc1000_140.png,2943,1435,0,1010,896,1022,900,12,4
dc1000_140.png,2943,1435,0,2092,869,2096,878,4,9
dc1000_140.png,2943,1435,0,1533,849,1542,863,9,14
dc1000_140.png,2943,1435,0,1543,824,1550,831,7,7
dc1000_140.png,2943,1435,0,1466,818,1478,850,12,32
dc1000_140.png,2943,1435,0,873,799,882,810,9,11
dc1000_140.png,2943,1435,0,1860,778,1892,819,32,41
dc1000_140.png,2943,1435,0,941,778,961,791,20,13
dc1000_140.png,2943,1435,0,1126,769,1151,797,25,28
dc1000_140.png,2943,1435,0,1155,765,1190,805,35,40
dc1000_140.png,2943,1435,0,862,740,916,792,54,52
dc1000_197.png,2943,1435,0,1292,805,1303,813,11,8
dc1000_197.png,2943,1435,0,1942,791,1950,802,8,11
dc1000_197.png,2943,1435,0,1119,774,1127,780,8,6
dc1000_197.png,2943,1435,0,2003,739,2013,749,10,10
dc1000_197.png,2943,1435,0,988,739,1007,754,19,15
dc1000_197.png,2943,1435,0,1256,688,1269,713,13,25
dc1000_197.png,2943,1435,0,1169,661,1183,689,14,28
dc1000_197.png,2943,1435,0,1838,624,1851,655,13,31
dc1000_197.png,2943,1435,0,1853,613,1870,655,17,42
dc1000_197.png,2943,1435,0,2071,514,2172,599,101,85
dc1000_183.png,2943,1435,0,1765,895,1813,944,48,49
dc1000_183.png,2943,1435,0,1926,891,1945,926,19,35
dc1000_183.png,2943,1435,0,1805,875,1827,915,22,40
dc1000_183.png,2943,1435,0,1875,674,1888,689,13,15
dc1000_183.png,2943,1435,0,1998,652,2011,673,13,21
dc1000_183.png,2943,1435,0,2075,632,2100,662,25,30
dc1000_187.png,2943,1435,0,1802,925,1809,939,7,14
dc1000_187.png,2943,1435,0,1398,910,1407,921,9,11
dc1000_187.png,2943,1435,0,1768,892,1800,929,32,37
dc1000_187.png,2943,1435,0,1797,881,1808,897,11,16
dc1000_187.png,2943,1435,0,1191,877,1222,909,31,32
dc1000_187.png,2943,1435,0,1064,857,1081,885,17,28
dc1000_187.png,2943,1435,0,1132,842,1142,850,10,8
dc1000_187.png,2943,1435,0,1978,666,1997,686,19,20
dc1000_187.png,2943,1435,0,2050,648,2076,686,26,38
dc1000_187.png,2943,1435,0,917,619,960,693,43,74
dc1000_193.png,2943,1435,0,1677,920,1695,934,18,14
dc1000_193.png,2943,1435,0,1190,908,1203,930,13,22
dc1000_193.png,2943,1435,0,807,662,862,735,55,73
dc1000_178.png,2943,1435,0,1284,962,1297,972,13,10
dc1000_178.png,2943,1435,0,1080,890,1099,907,19,17
dc1000_178.png,2943,1435,0,985,866,1046,906,61,40
dc1000_178.png,2943,1435,0,1829,854,1847,884,18,30
dc1000_178.png,2943,1435,0,890,843,942,894,52,51
dc1000_178.png,2943,1435,0,1881,840,1900,860,19,20
dc1000_178.png,2943,1435,0,2056,826,2062,831,6,5
dc1000_178.png,2943,1435,0,2032,819,2055,834,23,15
dc1000_178.png,2943,1435,0,855,816,888,836,33,20
dc1000_178.png,2943,1435,0,808,813,849,863,41,50
dc1000_178.png,2943,1435,0,2031,796,2041,807,10,11
opg_xray_3.jpg,918,430,0,219,222,288,310,68,88
dental_radiography_0613_jpg.rf.924f949ee8948cab11206535d795d8bb.jpg,512,256,0,168,123,182,163,14,40
dental_radiography_0118_jpg.rf.6107c3c12cc076209dd34827336fbc89.jpg,512,256,0,216,114,231,151,15,37
dc1000_144.png,2943,1435,0,1725,836,1753,870,28,34
dc1000_144.png,2943,1435,0,1835,823,1842,831,7,8
dc1000_144.png,2943,1435,0,809,707,834,731,25,24
dc1000_144.png,2943,1435,0,1229,706,1242,722,13,16
dc1000_144.png,2943,1435,0,2008,575,2021,590,13,15
dc1000_144.png,2943,1435,0,862,541,896,558,34,17
dc1000_144.png,2943,1435,0,2080,530,2124,613,44,83
dc1000_144.png,2943,1435,0,2131,524,2169,575,38,51
dc1000_144.png,2943,1435,0,778,497,804,540,26,43
dc1000_144.png,2943,1435,0,804,496,846,528,42,32
dc1000_622.png,2943,1435,0,1056,885,1086,896,30,11
dc1000_622.png,2943,1435,0,1932,883,1946,900,14,17
dc1000_622.png,2943,1435,0,1039,879,1052,892,13,13
dc1000_622.png,2943,1435,0,1060,870,1073,884,13,14
dc1000_622.png,2943,1435,0,1090,856,1105,884,15,28
dc1000_622.png,2943,1435,0,1946,828,1968,869,22,41
dc1000_622.png,2943,1435,0,1097,820,1137,877,40,57
dc1000_622.png,2943,1435,0,1997,816,2002,822,5,6
dc1000_622.png,2943,1435,0,1923,715,1933,728,10,13
dc1000_622.png,2943,1435,0,1956,673,1975,719,19,46
dc1000_636.png,2943,1435,0,1636,983,1651,992,15,9
dc1000_636.png,2943,1435,0,995,929,1005,943,10,14
dc1000_636.png,2943,1435,0,1002,909,1012,920,10,11
dc1000_636.png,2943,1435,0,981,906,990,920,9,14
dc1000_636.png,2943,1435,0,873,905,907,919,34,14
dc1000_636.png,2943,1435,0,1196,902,1204,920,8,18
dc1000_636.png,2943,1435,0,1064,891,1072,901,8,10
dc1000_636.png,2943,1435,0,1144,890,1151,898,7,8
dc1000_636.png,2943,1435,0,1105,883,1134,920,29,37
dc1000_636.png,2943,1435,0,926,880,939,904,13,24
dc1000_636.png,2943,1435,0,1058,877,1081,889,23,12
dc1000_636.png,2943,1435,0,2046,876,2085,929,39,53
dc1000_636.png,2943,1435,0,2087,841,2153,924,66,83
dc1000_636.png,2943,1435,0,831,827,885,875,54,48
dc1000_636.png,2943,1435,0,887,824,938,861,51,37
dc1000_636.png,2943,1435,0,1231,794,1242,806,11,12
dc1000_636.png,2943,1435,0,1080,792,1089,804,9,12
dc1000_636.png,2943,1435,0,1973,769,1978,776,5,7
dc1000_636.png,2943,1435,0,960,764,971,783,11,19
dc1000_636.png,2943,1435,0,1874,757,1886,782,12,25
dc1000_636.png,2943,1435,0,968,748,975,762,7,14
dc1000_150.png,2943,1435,0,1858,971,1879,989,21,18
dc1000_150.png,2943,1435,0,1046,914,1061,924,15,10
dc1000_150.png,2943,1435,0,989,775,1001,796,12,21
opg_xray_23.jpg,1203,677,0,758,386,870,527,112,141
opg_xray_37.jpg,1191,606,0,337,164,407,305,70,141
dc1000_408.png,2943,1435,0,1124,887,1140,908,16,21
dc1000_408.png,2943,1435,0,1967,868,1998,898,31,30
dc1000_408.png,2943,1435,0,1916,797,1933,807,17,10
dc1000_408.png,2943,1435,0,2078,768,2087,775,9,7
dc1000_408.png,2943,1435,0,1007,742,1015,772,8,30
dc1000_408.png,2943,1435,0,903,694,977,749,74,55
dc1000_420.png,2943,1435,0,1680,895,1703,913,23,18
dc1000_420.png,2943,1435,0,1821,726,1850,768,29,42
dc1000_434.png,2943,1435,0,1092,851,1143,906,51,55
dc1000_434.png,2943,1435,0,1084,816,1092,826,8,10
dc1000_434.png,2943,1435,0,1884,781,1898,791,14,10
dc1000_434.png,2943,1435,0,909,754,921,760,12,6
dc1000_434.png,2943,1435,0,1766,724,1778,744,12,20
dc1000_597.png,2943,1435,0,1673,879,1688,908,15,29
dc1000_597.png,2943,1435,0,985,864,1016,883,31,19
dc1000_597.png,2943,1435,0,836,785,934,883,98,98
dc1000_597.png,2943,1435,0,1954,781,1994,808,40,27
dc1000_597.png,2943,1435,0,2024,738,2113,836,89,98
dc1000_597.png,2943,1435,0,1899,674,1906,685,7,11
dc1000_597.png,2943,1435,0,1904,645,1916,665,12,20
dc1000_583.png,2943,1435,0,1660,979,1676,996,16,17
dc1000_583.png,2943,1435,0,999,884,1014,907,15,23
dc1000_583.png,2943,1435,0,1013,872,1055,905,42,33
dc1000_583.png,2943,1435,0,1124,797,1137,825,13,28
dc1000_583.png,2943,1435,0,1927,769,2008,852,81,83
dc1000_583.png,2943,1435,0,1889,764,1905,779,16,15
dc1000_568.png,2943,1435,0,1214,868,1235,900,21,32
dc1000_568.png,2943,1435,0,1038,849,1073,866,35,17
dc1000_568.png,2943,1435,0,1803,840,1841,870,38,30
dc1000_568.png,2943,1435,0,1928,801,1967,825,39,24
dc1000_568.png,2943,1435,0,2023,696,2030,702,7,6
dc1000_568.png,2943,1435,0,993,680,1025,697,32,17
dc1000_568.png,2943,1435,0,1930,673,1944,684,14,11
dc1000_554.png,2943,1435,0,1840,876,1861,906,21,30
dc1000_554.png,2943,1435,0,1753,775,1764,788,11,13
dc1000_554.png,2943,1435,0,1838,764,1848,776,10,12
dc1000_554.png,2943,1435,0,2109,707,2188,748,79,41
dc1000_554.png,2943,1435,0,842,696,860,707,18,11
dc1000_554.png,2943,1435,0,785,647,867,726,82,79
dc1000_232.png,2943,1435,0,1768,818,1787,834,19,16
dc1000_232.png,2943,1435,0,1910,814,1927,837,17,23
dc1000_232.png,2943,1435,0,1104,804,1124,821,20,17
dc1000_232.png,2943,1435,0,1026,776,1036,792,10,16
dc1000_232.png,2943,1435,0,1931,769,1945,787,14,18
dc1000_232.png,2943,1435,0,1039,767,1088,817,49,50
dc1000_232.png,2943,1435,0,1999,764,2007,774,8,10
dc1000_232.png,2943,1435,0,1897,758,1925,802,28,44
dc1000_232.png,2943,1435,0,2030,738,2068,787,38,49
dc1000_232.png,2943,1435,0,2071,692,2146,769,75,77
dc1000_232.png,2943,1435,0,1961,666,1967,676,6,10
dental_radiography_0512_jpg.rf.10171f4ef4e5ea90547b09f90ac23aed.jpg,512,256,0,353,58,390,103,37,45
dental_radiography_0512_jpg.rf.10171f4ef4e5ea90547b09f90ac23aed.jpg,512,256,0,295,111,314,162,19,51
dental_radiography_0512_jpg.rf.10171f4ef4e5ea90547b09f90ac23aed.jpg,512,256,0,199,108,219,160,20,52
dc1000_226.png,2943,1435,0,1867,760,1883,787,16,27
dc1000_540.png,2943,1435,0,1953,919,1971,926,18,7
dc1000_540.png,2943,1435,0,1898,897,1926,929,28,32
dc1000_540.png,2943,1435,0,1015,852,1066,926,51,74
dc1000_540.png,2943,1435,0,1941,839,1974,880,33,41
dc1000_540.png,2943,1435,0,937,772,988,831,51,59
dc1000_540.png,2943,1435,0,854,636,930,704,76,68
dc1000_540.png,2943,1435,0,1741,629,1770,685,29,56
dental_radiography_0128_jpg.rf.717cd6a69102c36ff5b84b4a87c5a210.jpg,512,256,0,137,102,160,135,23,33
dental_radiography_0427_jpg.rf.efad35fbaa659d427ddb4a1a9a833cb8.jpg,512,256,0,274,140,290,200,16,60
dental_radiography_0427_jpg.rf.efad35fbaa659d427ddb4a1a9a833cb8.jpg,512,256,0,291,139,310,205,19,66
dental_radiography_0624_jpg.rf.0ace2f1bc57e59ef2c1374d51cd5513e.jpg,512,256,0,326,122,375,162,49,40
dental_radiography_0334_jpg.rf.eb62c646bfaa9db3c3d803a3cec6d515.jpg,512,256,0,282,103,300,137,18,34
dental_radiography_0334_jpg.rf.eb62c646bfaa9db3c3d803a3cec6d515.jpg,512,256,0,317,109,337,150,20,41
opg_xray_100.jpg,1739,905,0,463,581,614,797,151,216
dental_radiography_0605_jpg.rf.e7223373f2490db1fdfa4ff525f961df.jpg,512,256,0,332,102,361,139,29,37
opg_xray_129.jpg,1160,529,0,879,276,951,378,72,102
opg_xray_101.jpg,1105,524,0,254,106,312,228,58,121
opg_xray_101.jpg,1105,524,0,199,96,261,214,63,118
opg_xray_115.jpg,1139,574,0,863,146,931,299,68,154
dc1000_227.png,2943,1435,0,1830,736,1847,755,17,19
dc1000_227.png,2943,1435,0,1824,721,1833,732,9,11
dc1000_227.png,2943,1435,0,949,691,1064,772,115,81
dc1000_227.png,2943,1435,0,1076,604,1127,674,51,70
dc1000_541.png,2949,1435,0,1741,842,1763,853,22,11
dc1000_541.png,2949,1435,0,1752,824,1828,887,76,63
dc1000_541.png,2949,1435,0,1037,796,1062,820,25,24
dc1000_541.png,2949,1435,0,1966,759,2045,829,79,70
dc1000_541.png,2949,1435,0,962,623,1058,718,96,95
dc1000_555.png,2943,1435,0,1182,940,1205,947,23,7
dc1000_555.png,2943,1435,0,1893,919,1954,960,61,41
dc1000_555.png,2943,1435,0,1416,879,1441,892,25,13
dc1000_555.png,2943,1435,0,1871,803,1884,818,13,15
dc1000_555.png,2943,1435,0,1884,802,1892,815,8,13
dc1000_555.png,2943,1435,0,1897,785,1904,795,7,10
dc1000_555.png,2943,1435,0,1078,785,1092,803,14,18
dc1000_233.png,2943,1435,0,1630,933,1643,953,13,20
dc1000_233.png,2943,1435,0,1067,863,1090,891,23,28
dc1000_233.png,2943,1435,0,1840,841,1857,851,17,10
dc1000_233.png,2943,1435,0,2003,813,2012,825,9,12
dc1000_569.png,2943,1435,0,1778,956,1804,977,26,21
dc1000_569.png,2943,1435,0,1880,949,1892,964,12,15
dc1000_569.png,2943,1435,0,1846,813,1864,846,18,33
dc1000_569.png,2943,1435,0,2088,787,2131,846,43,59
dc1000_582.png,2943,1435,0,1657,936,1673,952,16,16
dc1000_582.png,2943,1435,0,1480,865,1515,908,35,43
dc1000_582.png,2943,1435,0,1842,805,1970,913,128,108
dc1000_582.png,2943,1435,0,860,725,894,749,34,24
dc1000_582.png,2943,1435,0,2015,707,2066,770,51,63
dc1000_596.png,2943,1435,0,1648,910,1663,920,15,10
dc1000_596.png,2943,1435,0,1669,902,1694,916,25,14
dc1000_596.png,2943,1435,0,1060,848,1090,890,30,42
dc1000_596.png,2943,1435,0,954,847,979,878,25,31
dc1000_596.png,2943,1435,0,1757,721,1816,750,59,29
dental_radiography_0510_jpg.rf.83784442c9d736fd170cffeb8fb53c8d.jpg,512,256,0,100,114,145,169,45,55
dental_radiography_0510_jpg.rf.83784442c9d736fd170cffeb8fb53c8d.jpg,512,256,0,321,131,341,181,20,50
dental_radiography_0392_jpg.rf.68e6cc835a56db12def59c79ed7a887c.jpg,512,256,0,194,79,209,106,15,27
dental_radiography_0392_jpg.rf.68e6cc835a56db12def59c79ed7a887c.jpg,512,256,0,331,129,357,157,26,28
dental_radiography_0392_jpg.rf.68e6cc835a56db12def59c79ed7a887c.jpg,512,256,0,314,136,337,154,23,18
dc1000_435.png,2943,1435,0,1275,945,1286,957,11,12
dc1000_435.png,2943,1435,0,1101,816,1145,871,44,55
dc1000_435.png,2943,1435,0,1207,723,1230,739,23,16
dc1000_421.png,2943,1435,0,1878,856,1903,884,25,28
dc1000_421.png,2943,1435,0,1131,856,1143,870,12,14
dc1000_421.png,2943,1435,0,1929,818,1940,827,11,9
dc1000_421.png,2943,1435,0,1011,796,1034,831,23,35
dc1000_421.png,2943,1435,0,904,699,924,719,20,20
dc1000_421.png,2943,1435,0,1009,649,1108,742,99,93
dc1000_421.png,2943,1435,0,2042,617,2124,689,82,72
dc1000_421.png,2943,1435,0,888,587,926,621,38,34
dc1000_347.png,2943,1435,0,852,725,887,747,35,22
dc1000_347.png,2943,1435,0,1930,724,1958,736,28,12
dc1000_347.png,2943,1435,0,859,719,870,726,11,7
dc1000_347.png,2943,1435,0,2062,681,2098,726,36,45
dc1000_347.png,2943,1435,0,791,672,846,722,55,50
dc1000_409.png,2943,1435,0,1751,909,1764,923,13,14
dc1000_409.png,2943,1435,0,1834,863,1853,884,19,21
dc1000_409.png,2943,1435,0,1873,841,1893,860,20,19
dc1000_409.png,2943,1435,0,1200,828,1231,860,31,32
dc1000_409.png,2943,1435,0,1065,816,1102,896,37,80
dc1000_409.png,2943,1435,0,2005,805,2024,816,19,11
dc1000_409.png,2943,1435,0,1663,679,1739,751,76,72
dc1000_409.png,2943,1435,0,1081,666,1090,682,9,16
dc1000_409.png,2943,1435,0,2044,640,2061,667,17,27
dc1000_409.png,2943,1435,0,830,636,876,671,46,35
dental_radiography_0588_jpg.rf.b8c5f3ea51a709a2ce6b81d09cefd02f.jpg,512,256,0,125,61,155,119,30,58
dental_radiography_0588_jpg.rf.b8c5f3ea51a709a2ce6b81d09cefd02f.jpg,512,256,0,122,122,157,185,35,63
dental_radiography_0588_jpg.rf.b8c5f3ea51a709a2ce6b81d09cefd02f.jpg,512,256,0,322,114,361,178,39,64
dental_radiography_0127_jpg.rf.873a19147a4c590209b7223049148158.jpg,512,256,0,323,102,345,155,22,53
dental_radiography_0550_jpg.rf.3ff603df82c180d448dd6e79e655f234.jpg,512,256,0,139,122,153,148,14,26
dental_radiography_0550_jpg.rf.3ff603df82c180d448dd6e79e655f234.jpg,512,256,0,153,123,168,147,15,24
dental_radiography_0550_jpg.rf.3ff603df82c180d448dd6e79e655f234.jpg,512,256,0,286,123,299,162,13,39
dental_radiography_0550_jpg.rf.3ff603df82c180d448dd6e79e655f234.jpg,512,256,0,300,117,314,159,14,42
opg_xray_22.jpg,945,584,0,387,208,433,334,46,126
dc1000_637.png,2943,1435,0,1245,878,1267,895,22,17
dc1000_637.png,2943,1435,0,1194,860,1256,920,62,60
dc1000_637.png,2943,1435,0,1166,848,1190,882,24,34
dc1000_637.png,2943,1435,0,1114,844,1141,886,27,42
dc1000_637.png,2943,1435,0,1060,842,1080,871,20,29
dc1000_637.png,2943,1435,0,1759,839,1792,880,33,41
dc1000_637.png,2943,1435,0,1864,833,1909,858,45,25
dc1000_637.png,2943,1435,0,1057,828,1063,831,6,3
dc1000_637.png,2943,1435,0,2004,826,2016,844,12,18
dc1000_637.png,2943,1435,0,1030,822,1042,841,12,19
dc1000_637.png,2943,1435,0,873,804,883,824,10,20
dc1000_637.png,2943,1435,0,1888,783,1918,840,30,57
dc1000_637.png,2943,1435,0,886,783,895,791,9,8
dc1000_637.png,2943,1435,0,2100,732,2130,785,30,53
dc1000_637.png,2943,1435,0,1987,727,2015,758,28,31
dc1000_637.png,2943,1435,0,2022,714,2098,830,76,116
dc1000_151.png,2943,1435,0,1512,940,1526,967,14,27
dc1000_151.png,2943,1435,0,1320,932,1330,959,10,27
dc1000_151.png,2943,1435,0,875,867,896,892,21,25
dc1000_151.png,2943,1435,0,2046,826,2080,860,34,34
dc1000_151.png,2943,1435,0,2001,823,2048,897,47,74
dc1000_151.png,2943,1435,0,2039,771,2109,829,70,58
dc1000_151.png,2943,1435,0,1998,700,2022,720,24,20
dc1000_145.png,2943,1435,0,1243,865,1267,885,24,20
dc1000_145.png,2943,1435,0,2034,801,2049,837,15,36
dc1000_145.png,2943,1435,0,882,763,902,783,20,20
dental_radiography_0650_jpg.rf.bbef60fb0c8590801e7d18f0eaaa6261.jpg,512,256,0,176,96,195,130,19,34
dental_radiography_0650_jpg.rf.bbef60fb0c8590801e7d18f0eaaa6261.jpg,512,256,0,282,96,301,131,19,35
dental_radiography_0650_jpg.rf.bbef60fb0c8590801e7d18f0eaaa6261.jpg,512,256,0,371,96,396,138,25,42
dc1000_623.png,2943,1435,0,1567,867,1579,884,12,17
dc1000_623.png,2943,1435,0,1631,865,1640,881,9,16
dc1000_623.png,2943,1435,0,1648,863,1666,880,18,17
dc1000_623.png,2943,1435,0,1631,840,1638,854,7,14
dc1000_623.png,2943,1435,0,1639,832,1653,853,14,21
dc1000_623.png,2943,1435,0,1421,732,1444,751,23,19
dc1000_623.png,2943,1435,0,1989,711,2000,721,11,10
dc1000_623.png,2943,1435,0,2031,553,2062,611,31,58
dc1000_179.png,2943,1435,0,1644,920,1661,951,17,31
dc1000_179.png,2943,1435,0,1075,840,1082,844,7,4
dc1000_179.png,2943,1435,0,1103,825,1147,857,44,32
dc1000_179.png,2943,1435,0,1048,727,1061,743,13,16
dc1000_179.png,2943,1435,0,1880,713,1897,734,17,21
dc1000_179.png,2943,1435,0,1868,686,1878,705,10,19
opg_xray_2.jpg,1157,591,0,381,254,458,381,76,127
dc1000_192.png,2943,1435,0,1554,996,1560,1006,6,10
dc1000_192.png,2943,1435,0,1404,991,1415,1007,11,16
dc1000_192.png,2943,1435,0,1529,990,1538,1003,9,13
dc1000_192.png,2943,1435,0,1428,990,1438,1008,10,18
dc1000_192.png,2943,1435,0,1364,974,1373,999,9,25
dc1000_192.png,2943,1435,0,1430,934,1454,962,24,28
dc1000_192.png,2943,1435,0,966,901,980,916,14,15
dc1000_192.png,2943,1435,0,1908,746,1982,812,74,66
dc1000_192.png,2943,1435,0,2138,700,2148,706,10,6
dc1000_192.png,2943,1435,0,2088,699,2100,715,12,16
dc1000_192.png,2943,1435,0,939,684,951,718,12,34
dc1000_186.png,2943,1435,0,1690,919,1698,936,8,17
dc1000_186.png,2943,1435,0,1769,895,1782,922,13,27
dc1000_186.png,2943,1435,0,1869,822,1879,831,10,9
dc1000_186.png,2943,1435,0,2010,807,2036,827,26,20
dc1000_186.png,2943,1435,0,1374,681,1384,705,10,24
dc1000_186.png,2943,1435,0,2010,608,2051,668,41,60
dc1000_186.png,2943,1435,0,2050,603,2077,629,27,26
dc1000_186.png,2943,1435,0,913,586,930,615,17,29
dc1000_810.png,2943,1435,0,1295,924,1307,937,12,13
dc1000_810.png,2943,1435,0,1927,890,1942,925,15,35
dc1000_810.png,2943,1435,0,969,888,971,891,2,3
dc1000_810.png,2943,1435,0,1152,872,1154,873,2,1
dc1000_810.png,2943,1435,0,1868,870,1874,888,6,18
dc1000_810.png,2943,1435,0,1938,868,1946,880,8,12
dc1000_810.png,2943,1435,0,1145,866,1150,870,5,4
dc1000_810.png,2943,1435,0,1077,860,1090,865,13,5
dc1000_810.png,2943,1435,0,884,849,901,873,17,24
dc1000_810.png,2943,1435,0,1931,677,1980,734,49,57
dc1000_810.png,2943,1435,0,966,645,1036,731,70,86
dc1000_804.png,2943,1435,0,972,886,984,908,12,22
dc1000_804.png,2943,1435,0,1722,826,1746,848,24,22
dc1000_804.png,2943,1435,0,808,806,847,847,39,41
dc1000_804.png,2943,1435,0,1868,786,1939,868,71,82
dc1000_804.png,2943,1435,0,1045,722,1052,733,7,11
dc1000_804.png,2943,1435,0,1053,707,1069,743,16,36
dc1000_812.png,2943,1435,0,1580,894,1609,911,29,17
dc1000_812.png,2943,1435,0,1612,889,1634,897,22,8
dc1000_812.png,2943,1435,0,836,856,868,921,32,65
dc1000_812.png,2943,1435,0,1408,855,1424,868,16,13
dc1000_812.png,2943,1435,0,994,836,1020,869,26,33
dc1000_812.png,2943,1435,0,2089,822,2159,876,70,54
dc1000_812.png,2943,1435,0,2026,816,2078,873,52,57
dc1000_812.png,2943,1435,0,1906,731,1913,739,7,8
dc1000_812.png,2943,1435,0,782,692,797,708,15,16
dc1000_812.png,2943,1435,0,2114,671,2119,678,5,7
dc1000_812.png,2943,1435,0,678,634,718,729,40,95
dental_radiography_0438_jpg.rf.9dbb3efde489184f10e92c8e142447db.jpg,512,256,0,384,120,422,165,38,45
dc1000_190.png,2943,1435,0,1217,828,1230,845,13,17
dc1000_190.png,2943,1435,0,1967,666,2002,681,35,15
dc1000_190.png,2943,1435,0,1138,641,1190,709,52,68
dental_radiography_0821_jpg.rf.9ef678036bafc646003efae18508adb6.jpg,512,256,0,110,90,155,133,45,43
dc1000_184.png,2943,1435,0,1586,939,1601,962,15,23
dc1000_184.png,2943,1435,0,961,844,1005,909,44,65
dc1000_184.png,2943,1435,0,1906,835,1967,927,61,92
dc1000_184.png,2943,1435,0,1165,734,1176,745,11,11
dc1000_184.png,2943,1435,0,1090,681,1130,737,40,56
dc1000_184.png,2943,1435,0,1976,641,1985,661,9,20
dc1000_184.png,2943,1435,0,1950,641,1967,678,17,37
dc1000_184.png,2943,1435,0,976,634,995,670,19,36
dc1000_609.png,2943,1435,0,880,889,896,908,16,19
dc1000_609.png,2943,1435,0,1028,887,1040,916,12,29
dc1000_609.png,2943,1435,0,1118,885,1138,929,20,44
dc1000_609.png,2943,1435,0,2074,789,2139,869,65,80
dc1000_609.png,2943,1435,0,1409,755,1419,761,10,6
dc1000_609.png,2943,1435,0,1780,679,1796,695,16,16
dc1000_609.png,2943,1435,0,1745,673,1771,705,26,32
dc1000_609.png,2943,1435,0,938,672,947,687,9,15
dc1000_609.png,2943,1435,0,2110,650,2121,660,11,10
dc1000_609.png,2943,1435,0,1968,645,1980,665,12,20
dc1000_609.png,2943,1435,0,2079,611,2094,634,15,23
dc1000_609.png,2943,1435,0,2094,603,2112,636,18,33
dc1000_153.png,2943,1435,0,1021,886,1036,905,15,19
dc1000_153.png,2943,1435,0,795,703,911,784,116,81
dc1000_635.png,2943,1435,0,1154,948,1186,970,32,22
dc1000_635.png,2943,1435,0,1195,921,1216,951,21,30
dc1000_635.png,2943,1435,0,1945,896,1959,906,14,10
dc1000_635.png,2943,1435,0,1141,894,1186,949,45,55
dc1000_635.png,2943,1435,0,1913,892,1930,908,17,16
dc1000_635.png,2943,1435,0,930,858,937,868,7,10
dc1000_635.png,2943,1435,0,942,842,952,853,10,11
dc1000_635.png,2943,1435,0,934,834,940,847,6,13
dc1000_635.png,2943,1435,0,1790,791,1806,825,16,34
dc1000_635.png,2943,1435,0,1126,791,1154,816,28,25
dc1000_621.png,2943,1435,0,1062,880,1075,893,13,13
dc1000_621.png,2943,1435,0,2048,861,2060,881,12,20
dc1000_621.png,2943,1435,0,900,843,920,872,20,29
dc1000_621.png,2943,1435,0,1169,753,1181,769,12,16
dc1000_621.png,2943,1435,0,1089,734,1109,789,20,55
dc1000_621.png,2943,1435,0,1853,730,1872,784,19,54
dc1000_621.png,2943,1435,0,1108,720,1129,776,21,56
dc1000_621.png,2943,1435,0,990,707,998,713,8,6
dc1000_621.png,2943,1435,0,2036,683,2056,703,20,20
dental_radiography_0393_jpg.rf.c74101e2b81ee63f680c8ed1065bcab0.jpg,512,256,0,342,57,378,115,36,58
dental_radiography_0393_jpg.rf.c74101e2b81ee63f680c8ed1065bcab0.jpg,512,256,0,139,66,162,104,23,38
dc1000_147.png,2943,1435,0,1197,886,1228,909,31,23
dc1000_147.png,2943,1435,0,1122,873,1127,880,5,7
dc1000_147.png,2943,1435,0,1165,861,1174,894,9,33
dc1000_147.png,2943,1435,0,980,858,987,864,7,6
dc1000_147.png,2943,1435,0,915,855,938,866,23,11
dc1000_147.png,2943,1435,0,1858,852,1865,858,7,6
dc1000_147.png,2943,1435,0,2016,830,2023,842,7,12
dc1000_147.png,2943,1435,0,2050,778,2098,848,48,70
dc1000_147.png,2943,1435,0,1394,752,1410,769,16,17
dc1000_147.png,2943,1435,0,1323,719,1339,736,16,17
dc1000_147.png,2943,1435,0,1342,715,1359,745,17,30
dc1000_147.png,2943,1435,0,1179,687,1197,692,18,5
dc1000_147.png,2943,1435,0,1862,641,1872,659,10,18
dc1000_147.png,2943,1435,0,1095,641,1104,659,9,18
dc1000_147.png,2943,1435,0,1834,633,1856,671,22,38
dc1000_147.png,2943,1435,0,1982,629,2016,672,34,43
dc1000_147.png,2943,1435,0,993,620,1013,657,20,37
dental_radiography_0211_jpg.rf.315ce8741ca53a57b4c5b40f4a3d4045.jpg,512,256,0,273,66,294,97,21,31
dental_radiography_0211_jpg.rf.315ce8741ca53a57b4c5b40f4a3d4045.jpg,512,256,0,299,109,317,159,18,50
opg_xray_20.jpg,1203,642,0,636,396,702,529,66,134
opg_xray_20.jpg,1203,642,0,289,277,355,395,66,118
dental_radiography_0266_jpg.rf.a8b17e3a8803552a4611c663cacb20c2.jpg,512,256,0,367,99,396,152,29,53
dental_radiography_0266_jpg.rf.a8b17e3a8803552a4611c663cacb20c2.jpg,512,256,0,342,95,369,137,27,42
dental_radiography_0266_jpg.rf.a8b17e3a8803552a4611c663cacb20c2.jpg,512,256,0,311,85,328,140,17,55
dental_radiography_0266_jpg.rf.a8b17e3a8803552a4611c663cacb20c2.jpg,512,256,0,295,83,311,141,16,58
dental_radiography_0266_jpg.rf.a8b17e3a8803552a4611c663cacb20c2.jpg,512,256,0,350,155,375,181,25,26
dental_radiography_0266_jpg.rf.a8b17e3a8803552a4611c663cacb20c2.jpg,512,256,0,388,154,403,183,15,29
dc1000_392.png,2943,1435,0,1245,935,1252,944,7,9
dc1000_392.png,2943,1435,0,1003,879,1007,890,4,11
dc1000_392.png,2943,1435,0,905,711,989,792,84,81
dental_radiography_0266_jpg.rf.fa548228b59b51268581cc13a490319e.jpg,512,256,0,116,99,145,152,29,53
dental_radiography_0266_jpg.rf.fa548228b59b51268581cc13a490319e.jpg,512,256,0,143,95,170,137,27,42
dental_radiography_0266_jpg.rf.fa548228b59b51268581cc13a490319e.jpg,512,256,0,184,85,201,140,17,55
dental_radiography_0266_jpg.rf.fa548228b59b51268581cc13a490319e.jpg,512,256,0,201,83,217,141,16,58
dental_radiography_0266_jpg.rf.fa548228b59b51268581cc13a490319e.jpg,512,256,0,137,155,162,181,25,26
dental_radiography_0266_jpg.rf.fa548228b59b51268581cc13a490319e.jpg,512,256,0,109,154,124,183,15,29
dental_radiography_0036_jpg.rf.553118cbeb44d1f8861e1a250b21e883.jpg,512,256,0,372,92,403,129,31,37
dental_radiography_0036_jpg.rf.553118cbeb44d1f8861e1a250b21e883.jpg,512,256,0,139,144,172,192,33,48
dental_radiography_0434_jpg.rf.e97c36d720a9cba9f89e5605ed022861.jpg,512,256,0,169,72,204,108,35,36
dc1000_437.png,2943,1435,0,1250,911,1264,926,14,15
dc1000_437.png,2943,1435,0,1750,721,1812,787,62,66
dc1000_423.png,2943,1435,0,1878,663,1902,690,24,27
dc1000_423.png,2943,1435,0,929,657,948,681,19,24
dc1000_423.png,2943,1435,0,894,641,923,689,29,48
dc1000_580.png,2943,1435,0,1303,928,1315,947,12,19
dc1000_580.png,2943,1435,0,1763,894,1787,930,24,36
dc1000_580.png,2943,1435,0,1793,870,1850,911,57,41
dc1000_580.png,2943,1435,0,1885,859,1914,884,29,25
dc1000_580.png,2943,1435,0,1055,852,1070,869,15,17
dc1000_580.png,2943,1435,0,912,847,926,869,14,22
dc1000_594.png,2943,1435,0,966,809,973,822,7,13
dc1000_594.png,2943,1435,0,913,752,922,758,9,6
dc1000_594.png,2943,1435,0,927,585,941,607,14,22
dc1000_594.png,2943,1435,0,897,576,915,603,18,27
dc1000_219.png,2943,1435,0,1229,877,1258,904,29,27
dc1000_219.png,2943,1435,0,1104,859,1114,872,10,13
dc1000_219.png,2943,1435,0,1070,845,1078,868,8,23
dc1000_219.png,2943,1435,0,2018,807,2103,863,85,56
dc1000_219.png,2943,1435,0,1834,713,1843,722,9,9
dc1000_219.png,2943,1435,0,1857,673,1866,688,9,15
dental_radiography_0746_jpg.rf.86d6626f0a4a0951252a8dd96d10a68f.jpg,512,256,0,161,149,191,181,30,32
dental_radiography_0746_jpg.rf.86d6626f0a4a0951252a8dd96d10a68f.jpg,512,256,0,308,152,325,187,17,35
dc1000_543.png,2943,1435,0,1007,709,1059,756,52,47
dc1000_225.png,2943,1435,0,995,854,1005,873,10,19
dc1000_225.png,2943,1435,0,1262,837,1279,859,17,22
dc1000_225.png,2943,1435,0,1129,809,1155,859,26,50
dc1000_225.png,2943,1435,0,2081,595,2164,688,83,93
dc1000_231.png,2943,1435,0,1550,952,1562,957,12,5
dc1000_231.png,2943,1435,0,1766,907,1779,923,13,16
dc1000_231.png,2943,1435,0,1001,888,1010,902,9,14
dc1000_231.png,2943,1435,0,975,880,992,898,17,18
dc1000_231.png,2943,1435,0,1881,859,1924,936,43,77
dc1000_231.png,2943,1435,0,1921,847,1966,897,45,50
dc1000_231.png,2943,1435,0,874,828,894,853,20,25
dc1000_231.png,2943,1435,0,857,815,878,842,21,27
dc1000_231.png,2943,1435,0,1127,673,1149,696,22,23
dc1000_231.png,2943,1435,0,820,650,838,659,18,9
dc1000_231.png,2943,1435,0,828,610,843,637,15,27
dc1000_231.png,2943,1435,0,843,607,898,707,55,100
dc1000_557.png,2943,1435,0,1165,802,1179,823,14,21
dc1000_557.png,2943,1435,0,1126,744,1171,825,45,81
dc1000_557.png,2943,1435,0,1746,737,1794,817,48,80
dc1000_557.png,2943,1435,0,1797,731,1843,793,46,62
dc1000_557.png,2943,1435,0,882,729,955,799,73,70
dc1000_557.png,2943,1435,0,937,723,963,742,26,19
dc1000_557.png,2943,1435,0,904,649,989,719,85,70
dc1000_557.png,2943,1435,0,1901,640,1980,713,79,73
opg_xray_103.jpg,1123,557,0,256,179,318,297,62,118
opg_xray_117.jpg,1163,487,0,756,209,841,351,85,143
dc1000_769.png,2943,1435,0,1005,781,1058,837,53,56
dc1000_769.png,2943,1435,0,983,649,1020,707,37,58
dc1000_769.png,2943,1435,0,1822,648,1864,680,42,32
dc1000_769.png,2943,1435,0,2026,641,2084,739,58,98
dental_radiography_0943_jpg.rf.ea8cbb9a0d4c26887983b0b59caa5773.jpg,512,256,0,276,48,289,89,13,41
dental_radiography_0943_jpg.rf.ea8cbb9a0d4c26887983b0b59caa5773.jpg,512,256,0,290,43,303,80,13,37
dental_radiography_0943_jpg.rf.ea8cbb9a0d4c26887983b0b59caa5773.jpg,512,256,0,301,45,318,84,17,39
dental_radiography_0943_jpg.rf.ea8cbb9a0d4c26887983b0b59caa5773.jpg,512,256,0,144,105,166,135,22,30
dental_radiography_0943_jpg.rf.ea8cbb9a0d4c26887983b0b59caa5773.jpg,512,256,0,170,51,202,92,32,41
dental_radiography_0943_jpg.rf.ea8cbb9a0d4c26887983b0b59caa5773.jpg,512,256,0,331,57,368,93,37,36
dc1000_755.png,2943,1435,0,1924,850,1934,864,10,14
dc1000_755.png,2943,1435,0,1861,815,1872,833,11,18
dc1000_755.png,2943,1435,0,1050,812,1057,819,7,7
dc1000_755.png,2943,1435,0,1983,791,2057,838,74,47
dc1000_755.png,2943,1435,0,1209,704,1222,711,13,7
dc1000_755.png,2943,1435,0,779,601,817,632,38,31
dc1000_740.png,2943,1435,0,1730,897,1757,927,27,30
dc1000_740.png,2943,1435,0,2066,883,2080,903,14,20
dc1000_740.png,2943,1435,0,721,780,800,851,79,71
opg_xray_116.jpg,937,489,0,296,163,360,269,63,105
dc1000_797.png,2943,1435,0,1115,889,1122,905,7,16
dc1000_797.png,2943,1435,0,1064,879,1090,890,26,11
dc1000_797.png,2943,1435,0,1924,869,1982,948,58,79
dc1000_797.png,2943,1435,0,1979,863,2022,912,43,49
dc1000_797.png,2943,1435,0,1006,848,1026,878,20,30
dc1000_783.png,2943,1435,0,968,803,1035,844,67,41
dc1000_783.png,2943,1435,0,903,753,915,757,12,4
dc1000_783.png,2943,1435,0,835,749,913,808,78,59
dc1000_783.png,2943,1435,0,845,729,907,746,62,17
dc1000_783.png,2943,1435,0,2054,717,2108,777,54,60
dc1000_783.png,2943,1435,0,893,680,904,693,11,13
dental_radiography_0905_jpg.rf.93c5b0e9d232f394f6cedf1c8f3879f4.jpg,512,256,0,305,103,330,145,25,42
dental_radiography_0905_jpg.rf.93c5b0e9d232f394f6cedf1c8f3879f4.jpg,512,256,0,178,148,198,196,20,48
dental_radiography_0905_jpg.rf.93c5b0e9d232f394f6cedf1c8f3879f4.jpg,512,256,0,289,106,307,144,18,38
dc1000_230.png,2943,1435,0,1075,881,1089,898,14,17
dc1000_230.png,2943,1435,0,1850,877,1858,886,8,9
dc1000_230.png,2943,1435,0,1893,832,1898,838,5,6
dc1000_230.png,2943,1435,0,1016,622,1028,638,12,16
dc1000_230.png,2943,1435,0,900,607,912,623,12,16
dc1000_556.png,2943,1435,0,1586,911,1609,966,23,55
dc1000_556.png,2943,1435,0,1602,899,1623,945,21,46
dc1000_556.png,2943,1435,0,1743,881,1752,896,9,15
dc1000_556.png,2943,1435,0,1975,777,2025,843,50,66
dc1000_556.png,2943,1435,0,2017,772,2068,817,51,45
dc1000_556.png,2943,1435,0,1132,645,1140,656,8,11
dc1000_556.png,2943,1435,0,1117,645,1129,673,12,28
dc1000_542.png,2943,1435,0,1155,833,1166,856,11,23
dc1000_542.png,2943,1435,0,1180,828,1202,857,22,29
dc1000_542.png,2943,1435,0,937,778,995,853,58,75
dc1000_224.png,2943,1435,0,1250,858,1266,872,16,14
dc1000_224.png,2943,1435,0,1267,856,1292,891,25,35
dc1000_224.png,2943,1435,0,1860,851,1869,862,9,11
dc1000_224.png,2943,1435,0,1169,846,1192,862,23,16
dc1000_224.png,2943,1435,0,1198,843,1208,861,10,18
dc1000_224.png,2943,1435,0,1273,841,1290,851,17,10
dc1000_224.png,2943,1435,0,2013,837,2036,846,23,9
dc1000_224.png,2943,1435,0,863,815,906,904,43,89
dc1000_224.png,2943,1435,0,928,795,992,823,64,28
dc1000_224.png,2943,1435,0,1453,746,1469,769,16,23
dc1000_224.png,2943,1435,0,1533,720,1561,783,28,63
dc1000_224.png,2943,1435,0,1605,716,1631,752,26,36
dc1000_224.png,2943,1435,0,1581,700,1599,743,18,43
dc1000_224.png,2943,1435,0,1857,669,1863,674,6,5
dc1000_224.png,2943,1435,0,2036,663,2082,700,46,37
dc1000_224.png,2943,1435,0,932,658,956,690,24,32
dental_radiography_1000_jpg.rf.c9dd4b2cf2f9c945b8d1921990531852.jpg,512,256,0,188,123,201,163,13,40
dental_radiography_1000_jpg.rf.c9dd4b2cf2f9c945b8d1921990531852.jpg,512,256,0,180,126,189,151,9,25
dental_radiography_0851_jpg.rf.3869e4ab035ca32feed7c419ecb1871b.jpg,512,256,0,164,162,199,202,35,40
dental_radiography_0851_jpg.rf.3869e4ab035ca32feed7c419ecb1871b.jpg,512,256,0,212,165,226,203,14,38
dental_radiography_0851_jpg.rf.3869e4ab035ca32feed7c419ecb1871b.jpg,512,256,0,215,118,233,160,18,42
dc1000_218.png,2943,1435,0,1083,808,1090,813,7,5
dc1000_218.png,2943,1435,0,1891,796,1904,806,13,10
dc1000_595.png,2943,1435,0,1215,854,1258,880,43,26
dc1000_595.png,2943,1435,0,1892,791,1899,798,7,7
dc1000_595.png,2943,1435,0,905,731,940,776,35,45
dc1000_581.png,2943,1435,0,1869,908,1879,920,10,12
dc1000_581.png,2943,1435,0,2054,869,2065,892,11,23
dc1000_581.png,2943,1435,0,899,864,927,922,28,58
dc1000_581.png,2943,1435,0,1163,803,1177,828,14,25
dental_radiography_0897_jpg.rf.22b238dcd924aa968ceb27dd30ed456e.jpg,512,256,0,348,58,376,112,28,54
dental_radiography_0550_jpg.rf.b53b49c41fc9b7eb9d9ae5ab0d4b47b4.jpg,512,256,0,359,108,373,134,14,26
dental_radiography_0550_jpg.rf.b53b49c41fc9b7eb9d9ae5ab0d4b47b4.jpg,512,256,0,344,109,359,133,15,24
dental_radiography_0550_jpg.rf.b53b49c41fc9b7eb9d9ae5ab0d4b47b4.jpg,512,256,0,213,94,226,133,13,39
dental_radiography_0550_jpg.rf.b53b49c41fc9b7eb9d9ae5ab0d4b47b4.jpg,512,256,0,198,97,212,139,14,42
dental_radiography_0974_jpg.rf.08aa86b32941f04af43189a63b4f6683.jpg,512,256,0,325,142,340,193,15,51
dc1000_422.png,2943,1435,0,2073,899,2088,916,15,17
dc1000_422.png,2943,1435,0,868,871,875,881,7,10
dc1000_422.png,2943,1435,0,839,866,863,900,24,34
dc1000_422.png,2943,1435,0,1125,853,1138,865,13,12
dc1000_422.png,2943,1435,0,1100,851,1120,869,20,18
dc1000_422.png,2943,1435,0,820,836,859,856,39,20
dc1000_422.png,2943,1435,0,762,822,821,879,59,57
dc1000_422.png,2943,1435,0,909,784,931,815,22,31
dc1000_350.png,2943,1435,0,1828,852,1842,872,14,20
dc1000_350.png,2943,1435,0,1935,843,1941,851,6,8
dc1000_350.png,2943,1435,0,1857,841,1909,879,52,38
dc1000_350.png,2943,1435,0,1992,814,2048,850,56,36
dc1000_350.png,2943,1435,0,1010,795,1089,877,79,82
dc1000_350.png,2943,1435,0,1795,750,1812,775,17,25
dc1000_350.png,2943,1435,0,1729,729,1740,740,11,11
dc1000_350.png,2943,1435,0,2005,716,2011,720,6,4
dc1000_350.png,2943,1435,0,1843,716,1898,783,55,67
dc1000_350.png,2943,1435,0,2012,714,2021,718,9,4
dc1000_378.png,2943,1435,0,2128,842,2221,894,93,52
dc1000_378.png,2943,1435,0,1771,770,1823,858,52,88
dc1000_378.png,2943,1435,0,2182,709,2277,786,95,77
opg_xray_260.jpg,1856,920,0,1137,561,1226,795,90,234
dental_radiography_0867_jpg.rf.a167e49899837df88407dcca1d3fd14f.jpg,512,256,0,144,154,168,181,24,27
opg_xray_21.jpg,1203,662,0,301,281,359,401,58,120
opg_xray_21.jpg,1203,662,0,350,396,431,524,81,128
dc1000_620.png,2943,1435,0,1157,919,1168,947,11,28
dc1000_146.png,2943,1435,0,1312,910,1327,922,15,12
dc1000_146.png,2943,1435,0,1398,906,1429,953,31,47
dc1000_146.png,2943,1435,0,1737,870,1770,893,33,23
dc1000_146.png,2943,1435,0,1133,864,1151,876,18,12
dc1000_146.png,2943,1435,0,1420,792,1431,813,11,21
dc1000_146.png,2943,1435,0,1204,768,1220,791,16,23
dc1000_146.png,2943,1435,0,1237,706,1252,716,15,10
dc1000_146.png,2943,1435,0,1101,700,1116,721,15,21
dc1000_146.png,2943,1435,0,1215,696,1228,715,13,19
dc1000_146.png,2943,1435,0,1860,686,1878,710,18,24
dc1000_146.png,2943,1435,0,1118,681,1130,707,12,26
dc1000_146.png,2943,1435,0,2078,612,2087,628,9,16
dc1000_146.png,2943,1435,0,2095,605,2175,687,80,82
dc1000_1016.png,2943,1435,0,1087,913,1095,922,8,9
dc1000_1016.png,2943,1435,0,1105,889,1128,926,23,37
dc1000_1016.png,2943,1435,0,1844,820,1894,889,50,69
dc1000_1016.png,2943,1435,0,1063,722,1084,756,21,34
dc1000_1016.png,2943,1435,0,1131,719,1167,771,36,52
dc1000_1016.png,2943,1435,0,1107,713,1125,758,18,45
dc1000_152.png,2943,1435,0,1655,948,1669,968,14,20
dc1000_152.png,2943,1435,0,1569,945,1577,953,8,8
dc1000_152.png,2943,1435,0,1139,940,1157,948,18,8
dc1000_152.png,2943,1435,0,1874,892,1984,930,110,38
dc1000_152.png,2943,1435,0,1912,889,1923,907,11,18
dc1000_152.png,2943,1435,0,947,877,1029,959,82,82
dc1000_152.png,2943,1435,0,1471,805,1508,820,37,15
dc1000_152.png,2943,1435,0,1778,774,1786,784,8,10
dc1000_152.png,2943,1435,0,1288,753,1300,784,12,31
dc1000_634.png,2943,1435,0,1162,765,1177,788,15,23
dc1000_634.png,2943,1435,0,1157,733,1178,753,21,20
dc1000_634.png,2943,1435,0,1054,709,1080,740,26,31
opg_xray_1.jpg,1473,799,0,967,188,1060,357,93,168
dental_radiography_0357_jpg.rf.8ce43e408c5e655117fd8262ff82a0db.jpg,512,256,0,369,138,392,175,23,37
dental_radiography_0357_jpg.rf.8ce43e408c5e655117fd8262ff82a0db.jpg,512,256,0,225,113,240,161,15,48
dc1000_608.png,2943,1435,0,1249,955,1261,977,12,22
dc1000_608.png,2943,1435,0,1223,955,1236,974,13,19
dc1000_608.png,2943,1435,0,1874,853,1885,861,11,8
dc1000_608.png,2943,1435,0,732,710,780,760,48,50
dc1000_608.png,2943,1435,0,2117,701,2141,739,24,38
dc1000_608.png,2943,1435,0,2142,698,2162,727,20,29
dc1000_185.png,2943,1435,0,1682,974,1691,982,9,8
dc1000_185.png,2943,1435,0,1768,898,1800,923,32,25
dc1000_185.png,2943,1435,0,1928,853,1939,859,11,6
dc1000_185.png,2943,1435,0,1893,840,1904,867,11,27
dc1000_185.png,2943,1435,0,2102,821,2115,835,13,14
dc1000_185.png,2943,1435,0,2034,804,2046,819,12,15
dc1000_185.png,2943,1435,0,1795,704,1809,735,14,31
dc1000_185.png,2943,1435,0,1872,692,1886,711,14,19
dc1000_185.png,2943,1435,0,1733,672,1748,691,15,19
dc1000_191.png,2943,1435,0,1838,889,1847,897,9,8
dc1000_191.png,2943,1435,0,2033,718,2048,733,15,15
dental_radiography_0605_jpg.rf.765c56f4b212616b2d7400bc4737b596.jpg,512,256,0,151,117,180,154,29,37
dental_radiography_0954_jpg.rf.9775769ca90fb24787cde4fd59f122e8.jpg,512,256,0,330,148,363,197,33,49
dc1000_690.png,2943,1435,0,1583,973,1594,986,11,13
dc1000_690.png,2943,1435,0,1899,892,1909,909,10,17
dc1000_690.png,2943,1435,0,1928,881,1944,891,16,10
dc1000_690.png,2943,1435,0,839,851,846,860,7,9
dc1000_690.png,2943,1435,0,2043,848,2060,864,17,16
dc1000_690.png,2943,1435,0,891,827,917,848,26,21
dc1000_690.png,2943,1435,0,2035,825,2061,845,26,20
dc1000_690.png,2943,1435,0,807,822,825,837,18,15
dc1000_690.png,2943,1435,0,791,815,799,822,8,7
dc1000_690.png,2943,1435,0,2065,805,2116,865,51,60
dc1000_690.png,2943,1435,0,886,803,910,825,24,22
dc1000_690.png,2943,1435,0,804,794,827,808,23,14
dc1000_690.png,2943,1435,0,837,789,875,812,38,23
dc1000_690.png,2943,1435,0,1124,780,1185,850,61,70
dc1000_690.png,2943,1435,0,2241,778,2267,799,26,21
dc1000_690.png,2943,1435,0,1725,778,1810,862,85,84
dc1000_690.png,2943,1435,0,854,735,877,764,23,29
dc1000_690.png,2943,1435,0,870,721,887,745,17,24
dc1000_690.png,2943,1435,0,826,710,848,730,22,20
dental_radiography_0889_jpg.rf.12f27d0d221632479fd17498a218804c.jpg,512,256,0,226,64,235,110,9,46
dc1000_684.png,2943,1435,0,1615,993,1633,1020,18,27
dc1000_684.png,2943,1435,0,983,958,990,968,7,10
dc1000_684.png,2943,1435,0,1929,940,1938,957,9,17
dc1000_684.png,2943,1435,0,1857,925,1867,937,10,12
dc1000_684.png,2943,1435,0,1804,917,1811,924,7,7
dc1000_684.png,2943,1435,0,920,898,930,908,10,10
dc1000_684.png,2943,1435,0,776,855,786,864,10,9
dc1000_684.png,2943,1435,0,1804,795,1813,810,9,15
dc1000_684.png,2943,1435,0,1807,760,1828,784,21,24
dc1000_684.png,2943,1435,0,911,739,964,815,53,76
dc1000_684.png,2943,1435,0,1924,730,1937,742,13,12
dc1000_684.png,2943,1435,0,783,723,818,744,35,21
dc1000_135.png,2943,1435,0,1208,841,1219,852,11,11
dc1000_135.png,2943,1435,0,1845,828,1859,847,14,19
dc1000_135.png,2943,1435,0,1954,820,1965,835,11,15
dc1000_135.png,2943,1435,0,1779,793,1840,861,61,68
dc1000_135.png,2943,1435,0,1138,790,1154,826,16,36
dc1000_135.png,2943,1435,0,919,764,966,836,47,72
dc1000_135.png,2943,1435,0,978,637,984,642,6,5
dc1000_135.png,2943,1435,0,2073,596,2089,617,16,21
dc1000_653.png,2943,1435,0,1663,1004,1672,1013,9,9
dc1000_653.png,2943,1435,0,1261,994,1273,1007,12,13
dc1000_653.png,2943,1435,0,1080,954,1087,967,7,13
dc1000_653.png,2943,1435,0,2058,893,2075,909,17,16
dc1000_653.png,2943,1435,0,904,880,927,892,23,12
dc1000_653.png,2943,1435,0,1009,879,1029,906,20,27
dc1000_653.png,2943,1435,0,1248,864,1259,874,11,10
dc1000_653.png,2943,1435,0,1690,842,1706,854,16,12
dc1000_653.png,2943,1435,0,1263,836,1280,852,17,16
dc1000_653.png,2943,1435,0,1370,835,1375,842,5,7
dc1000_653.png,2943,1435,0,2072,825,2096,857,24,32
dc1000_653.png,2943,1435,0,1281,824,1299,845,18,21
dc1000_653.png,2943,1435,0,1378,818,1386,840,8,22
dc1000_653.png,2943,1435,0,1735,810,1756,833,21,23
dc1000_653.png,2943,1435,0,1478,810,1508,864,30,54
dc1000_653.png,2943,1435,0,1385,808,1405,833,20,25
dc1000_653.png,2943,1435,0,1348,808,1367,839,19,31
dc1000_653.png,2943,1435,0,1452,806,1475,855,23,49
dc1000_653.png,2943,1435,0,1117,799,1127,819,10,20
dc1000_653.png,2943,1435,0,1571,797,1585,827,14,30
dc1000_653.png,2943,1435,0,1544,790,1561,818,17,28
dc1000_647.png,2943,1435,0,1979,859,1994,873,15,14
dc1000_647.png,2943,1435,0,1790,727,1807,753,17,26
dc1000_647.png,2943,1435,0,1839,725,1852,741,13,16
dc1000_647.png,2943,1435,0,914,698,941,738,27,40
dc1000_647.png,2943,1435,0,953,696,978,733,25,37
dc1000_647.png,2943,1435,0,1997,694,2006,701,9,7
dc1000_121.png,2943,1435,0,853,858,857,865,4,7
dc1000_121.png,2943,1435,0,826,717,836,729,10,12
dental_radiography_0170_jpg.rf.6631c1b53387b0cb420a4dda68221a05.jpg,512,256,0,317,158,335,200,18,42
dental_radiography_0170_jpg.rf.6631c1b53387b0cb420a4dda68221a05.jpg,512,256,0,302,158,316,202,14,44
dental_radiography_0170_jpg.rf.6631c1b53387b0cb420a4dda68221a05.jpg,512,256,0,316,101,338,153,22,52
dental_radiography_0170_jpg.rf.6631c1b53387b0cb420a4dda68221a05.jpg,512,256,0,183,158,201,186,18,28
dental_radiography_0170_jpg.rf.6631c1b53387b0cb420a4dda68221a05.jpg,512,256,0,220,145,239,207,19,62
dental_radiography_0170_jpg.rf.6631c1b53387b0cb420a4dda68221a05.jpg,512,256,0,296,94,311,140,15,46
dc1000_109.png,2943,1435,0,1128,878,1197,941,69,63
dc1000_109.png,2943,1435,0,1094,851,1130,893,36,42
dc1000_109.png,2943,1435,0,1023,825,1059,872,36,47
dc1000_109.png,2943,1435,0,959,798,974,813,15,15
dc1000_109.png,2943,1435,0,979,782,985,791,6,9
dc1000_109.png,2943,1435,0,980,686,1017,707,37,21
dc1000_109.png,2943,1435,0,2050,653,2138,730,88,77
dc1000_492.png,2943,1435,0,1887,917,1895,926,8,9
dc1000_492.png,2943,1435,0,825,849,840,878,15,29
dc1000_492.png,2943,1435,0,1011,704,1032,730,21,26
dc1000_492.png,2943,1435,0,2164,650,2184,670,20,20
dental_radiography_0334_jpg.rf.922058dc8f930830a5f01621236cd308.jpg,512,256,0,212,119,230,153,18,34
dental_radiography_0334_jpg.rf.922058dc8f930830a5f01621236cd308.jpg,512,256,0,175,106,195,147,20,41
dental_radiography_0232_jpg.rf.efd953a42b9eb153af3a760fd6a713f0.jpg,512,256,0,366,117,385,154,19,37
dental_radiography_0232_jpg.rf.efd953a42b9eb153af3a760fd6a713f0.jpg,512,256,0,347,116,367,153,20,37
dc1000_486.png,2943,1435,0,1179,936,1187,944,8,8
dc1000_486.png,2943,1435,0,1721,930,1731,942,10,12
dc1000_486.png,2943,1435,0,1727,924,1740,937,13,13
dc1000_486.png,2943,1435,0,1134,903,1162,928,28,25
dc1000_486.png,2943,1435,0,1054,896,1073,922,19,26
dc1000_486.png,2943,1435,0,1076,890,1115,941,39,51
dc1000_486.png,2943,1435,0,2079,819,2120,858,41,39
dc1000_486.png,2943,1435,0,1114,793,1147,838,33,45
dc1000_486.png,2943,1435,0,2135,675,2180,717,45,42
dental_radiography_0211_jpg.rf.bed4a07546bcc89b5b34e70fdf6231d1.jpg,512,256,0,273,159,294,190,21,31
dental_radiography_0211_jpg.rf.bed4a07546bcc89b5b34e70fdf6231d1.jpg,512,256,0,299,97,317,147,18,50
opg_xray_52.jpg,1203,738,0,901,248,966,426,65,178
opg_xray_52.jpg,1203,738,0,293,434,401,602,108,168
opg_xray_52.jpg,1203,738,0,544,427,607,556,63,129
opg_xray_46.jpg,1320,616,0,779,344,852,476,73,131
dc1000_451.png,2943,1435,0,1324,955,1331,960,7,5
dc1000_451.png,2943,1435,0,1231,936,1242,956,11,20
dc1000_451.png,2943,1435,0,1244,932,1255,945,11,13
dc1000_451.png,2943,1435,0,1679,919,1701,946,22,27
dc1000_451.png,2943,1435,0,1771,916,1786,937,15,21
dc1000_451.png,2943,1435,0,1175,904,1186,912,11,8
dc1000_451.png,2943,1435,0,1907,887,1920,898,13,11
dc1000_451.png,2943,1435,0,1026,853,1047,880,21,27
dc1000_451.png,2943,1435,0,996,845,1032,892,36,47
dc1000_451.png,2943,1435,0,963,829,971,834,8,5
dc1000_451.png,2943,1435,0,1156,654,1168,664,12,10
dc1000_451.png,2943,1435,0,1872,632,1880,648,8,16
dc1000_451.png,2943,1435,0,1152,629,1166,646,14,17
dc1000_451.png,2943,1435,0,2063,573,2087,600,24,27
dc1000_323.png,2943,1435,0,2126,662,2197,757,71,95
dc1000_323.png,2943,1435,0,1021,622,1047,668,26,46
dc1000_323.png,2943,1435,0,863,617,872,627,9,10
dc1000_323.png,2943,1435,0,1059,595,1147,638,88,43
dental_radiography_0457_jpg.rf.a11cb0d4e984d1151890f96716037f24.jpg,512,256,0,220,100,233,144,13,44
dental_radiography_0457_jpg.rf.a11cb0d4e984d1151890f96716037f24.jpg,512,256,0,185,115,205,142,20,27
dental_radiography_0457_jpg.rf.a11cb0d4e984d1151890f96716037f24.jpg,512,256,0,205,101,218,151,13,50
dental_radiography_0457_jpg.rf.a11cb0d4e984d1151890f96716037f24.jpg,512,256,0,183,58,209,103,26,45
dental_radiography_0457_jpg.rf.a11cb0d4e984d1151890f96716037f24.jpg,512,256,0,174,115,187,134,13,19
opg_xray_91.jpg,1525,697,0,540,334,658,490,118,156
dc1000_479.png,2943,1435,0,861,818,876,836,15,18
dc1000_479.png,2943,1435,0,1037,809,1053,842,16,33
dc1000_479.png,2943,1435,0,879,793,890,814,11,21
dc1000_479.png,2943,1435,0,1796,767,1837,780,41,13
dc1000_479.png,2943,1435,0,1046,767,1064,782,18,15
dc1000_479.png,2943,1435,0,1420,696,1481,756,61,60
dc1000_479.png,2943,1435,0,1482,693,1524,749,42,56
dc1000_479.png,2943,1435,0,1337,658,1346,678,9,20
dc1000_479.png,2943,1435,0,1258,656,1274,676,16,20
dc1000_479.png,2943,1435,0,1783,643,1807,698,24,55
dc1000_479.png,2943,1435,0,1157,642,1185,659,28,17
dc1000_479.png,2943,1435,0,990,626,999,645,9,19
dc1000_479.png,2943,1435,0,1189,623,1251,659,62,36
dc1000_479.png,2943,1435,0,1110,622,1133,662,23,40
dc1000_479.png,2943,1435,0,1827,619,1854,646,27,27
dc1000_479.png,2943,1435,0,890,596,896,602,6,6
dc1000_479.png,2943,1435,0,881,595,890,616,9,21
dc1000_479.png,2943,1435,0,892,590,938,685,46,95
dc1000_280.png,2943,1435,0,1823,852,1838,863,15,11
dc1000_280.png,2943,1435,0,860,820,889,853,29,33
dc1000_280.png,2943,1435,0,746,774,763,786,17,12
dc1000_280.png,2943,1435,0,812,766,820,771,8,5
dc1000_280.png,2943,1435,0,1033,670,1040,681,7,11
dc1000_280.png,2943,1435,0,1023,641,1030,657,7,16
dc1000_280.png,2943,1435,0,1073,632,1118,715,45,83
dc1000_294.png,2943,1435,0,2052,872,2065,893,13,21
dc1000_294.png,2943,1435,0,1927,858,1940,868,13,10
dc1000_294.png,2943,1435,0,859,820,879,837,20,17
dc1000_294.png,2943,1435,0,905,815,931,859,26,44
dc1000_294.png,2943,1435,0,1595,719,1604,736,9,17
dc1000_294.png,2943,1435,0,1918,669,1960,750,42,81
dental_radiography_0942_jpg.rf.a14f1fed95c2e82468c8b95c0c5c9da5.jpg,512,256,0,339,123,385,180,46,57
dental_radiography_0942_jpg.rf.a14f1fed95c2e82468c8b95c0c5c9da5.jpg,512,256,0,171,80,183,122,12,42
dc1000_525.png,2943,1435,0,1113,851,1155,909,42,58
dc1000_525.png,2943,1435,0,1828,803,1837,813,9,10
dc1000_525.png,2943,1435,0,1050,795,1094,832,44,37
dc1000_525.png,2943,1435,0,1979,767,1997,786,18,19
dc1000_525.png,2943,1435,0,2043,756,2075,766,32,10
dc1000_525.png,2943,1435,0,1088,658,1096,686,8,28
dc1000_525.png,2943,1435,0,1796,652,1820,686,24,34
dc1000_243.png,2943,1435,0,1631,928,1641,939,10,11
dc1000_243.png,2943,1435,0,1323,924,1334,944,11,20
dc1000_243.png,2943,1435,0,1548,923,1563,947,15,24
dc1000_243.png,2943,1435,0,1383,919,1390,949,7,30
dc1000_243.png,2943,1435,0,1169,919,1180,931,11,12
dc1000_243.png,2943,1435,0,1343,915,1360,952,17,37
dc1000_243.png,2943,1435,0,1419,908,1466,950,47,42
dc1000_243.png,2943,1435,0,1481,907,1498,944,17,37
dc1000_243.png,2943,1435,0,1314,864,1331,879,17,15
dc1000_243.png,2943,1435,0,1902,847,1913,866,11,19
dc1000_243.png,2943,1435,0,1786,827,1823,866,37,39
dc1000_243.png,2943,1435,0,1874,809,1894,821,20,12
dc1000_243.png,2943,1435,0,2029,801,2038,811,9,10
dc1000_243.png,2943,1435,0,1199,688,1228,722,29,34
dc1000_243.png,2943,1435,0,1115,687,1127,706,12,19
dc1000_243.png,2943,1435,0,1680,686,1712,741,32,55
dc1000_243.png,2943,1435,0,1134,685,1146,696,12,11
dc1000_243.png,2943,1435,0,1800,671,1841,724,41,53
dc1000_243.png,2943,1435,0,1015,636,1026,656,11,20
dc1000_243.png,2943,1435,0,1877,622,1890,642,13,20
dc1000_243.png,2943,1435,0,1902,610,1916,635,14,25
dc1000_243.png,2943,1435,0,1980,603,2000,615,20,12
dc1000_243.png,2943,1435,0,1033,596,1123,684,90,88
dc1000_257.png,2943,1435,0,1841,877,1847,889,6,12
dc1000_257.png,2943,1435,0,2008,864,2037,901,29,37
dc1000_257.png,2943,1435,0,2032,849,2082,886,50,37
dc1000_257.png,2943,1435,0,1231,771,1250,791,19,20
dc1000_257.png,2943,1435,0,1702,739,1716,766,14,27
dc1000_257.png,2943,1435,0,1046,737,1060,750,14,13
dc1000_257.png,2943,1435,0,1196,732,1206,759,10,27
dc1000_257.png,2943,1435,0,1230,718,1251,741,21,23
dc1000_257.png,2943,1435,0,1262,707,1322,811,60,104
dc1000_257.png,2943,1435,0,1075,704,1123,776,48,72
dc1000_531.png,2943,1435,0,1260,918,1283,943,23,25
dc1000_531.png,2943,1435,0,1820,903,1833,910,13,7
dc1000_531.png,2943,1435,0,1849,898,1869,909,20,11
dc1000_531.png,2943,1435,0,1762,896,1790,933,28,37
dc1000_531.png,2943,1435,0,1804,895,1814,905,10,10
dc1000_531.png,2943,1435,0,1837,894,1844,902,7,8
dc1000_531.png,2943,1435,0,1876,890,1901,903,25,13
dc1000_531.png,2943,1435,0,1802,781,1819,794,17,13
dc1000_531.png,2943,1435,0,1721,775,1741,796,20,21
dc1000_519.png,2943,1435,0,1770,935,1778,957,8,22
dc1000_519.png,2943,1435,0,1605,881,1623,894,18,13
dc1000_519.png,2943,1435,0,1447,860,1460,896,13,36
dc1000_519.png,2943,1435,0,2009,847,2027,864,18,17
dc1000_519.png,2943,1435,0,1275,845,1284,855,9,10
dc1000_519.png,2943,1435,0,1650,843,1687,887,37,44
dc1000_519.png,2943,1435,0,1237,839,1263,847,26,8
dc1000_519.png,2943,1435,0,1063,837,1080,849,17,12
dc1000_519.png,2943,1435,0,1107,834,1155,896,48,62
dc1000_519.png,2943,1435,0,1819,831,1875,855,56,24
dc1000_519.png,2943,1435,0,1760,831,1808,872,48,41
dc1000_519.png,2943,1435,0,1616,831,1623,847,7,16
dc1000_519.png,2943,1435,0,2015,789,2065,831,50,42
dc1000_519.png,2943,1435,0,963,744,1008,779,45,35
dc1000_519.png,2943,1435,0,1904,734,1932,750,28,16
dc1000_519.png,2943,1435,0,1970,727,2008,750,38,23
dc1000_519.png,2943,1435,0,2097,715,2120,728,23,13
dc1000_519.png,2943,1435,0,841,679,886,743,45,64
dc1000_519.png,2943,1435,0,1579,657,1597,685,18,28
dental_radiography_0492_jpg.rf.1fa07670a31de21c47b50da9cdd71e16.jpg,512,256,0,378,134,389,161,11,27
dental_radiography_0492_jpg.rf.1fa07670a31de21c47b50da9cdd71e16.jpg,512,256,0,350,137,377,162,27,25
dental_radiography_0492_jpg.rf.1fa07670a31de21c47b50da9cdd71e16.jpg,512,256,0,284,66,300,117,16,51
dental_radiography_0492_jpg.rf.1fa07670a31de21c47b50da9cdd71e16.jpg,512,256,0,318,127,333,174,15,47
dental_radiography_0492_jpg.rf.1fa07670a31de21c47b50da9cdd71e16.jpg,512,256,0,262,65,283,117,21,52
dental_radiography_0492_jpg.rf.1fa07670a31de21c47b50da9cdd71e16.jpg,512,256,0,238,72,259,117,21,45
dental_radiography_0492_jpg.rf.1fa07670a31de21c47b50da9cdd71e16.jpg,512,256,0,219,65,239,113,20,48
dental_radiography_0492_jpg.rf.1fa07670a31de21c47b50da9cdd71e16.jpg,512,256,0,114,84,135,114,21,30
dental_radiography_0492_jpg.rf.1fa07670a31de21c47b50da9cdd71e16.jpg,512,256,0,333,126,351,173,18,47
dental_radiography_0492_jpg.rf.1fa07670a31de21c47b50da9cdd71e16.jpg,512,256,0,379,87,400,116,21,29
dental_radiography_0492_jpg.rf.1fa07670a31de21c47b50da9cdd71e16.jpg,512,256,0,298,64,319,120,21,56
opg_xray_170.jpg,940,432,0,628,136,684,240,56,104
dental_radiography_0118_jpg.rf.cda3785ae741327e12e5adf3700d99d0.jpg,512,256,0,216,105,231,142,15,37
dental_radiography_0533_jpg.rf.a30f0a5de7ea37cc0de7101d67e3437c.jpg,512,256,0,290,125,313,171,23,46
opg_xray_164.jpg,916,511,0,662,308,746,400,84,92
dc1000_732.png,2943,1435,0,1144,924,1158,941,14,17
dc1000_732.png,2943,1435,0,1619,740,1650,786,31,46
dc1000_901.png,2943,1435,0,1171,748,1204,791,33,43
dc1000_901.png,2943,1435,0,1142,733,1176,778,34,45
dental_radiography_0194_jpg.rf.3fa08ba5eb780e87abe9054d5c262513.jpg,512,256,0,319,152,335,188,16,36
dc1000_518.png,2943,1435,0,915,882,951,929,36,47
dc1000_518.png,2943,1435,0,990,881,1014,909,24,28
dc1000_518.png,2943,1435,0,1893,788,1900,801,7,13
dc1000_518.png,2943,1435,0,1053,766,1060,779,7,13
dc1000_518.png,2943,1435,0,1901,759,1924,789,23,30
dc1000_518.png,2943,1435,0,1034,739,1051,758,17,19
dc1000_518.png,2943,1435,0,921,736,933,754,12,18
dc1000_530.png,2943,1435,0,1107,890,1110,896,3,6
dc1000_530.png,2943,1435,0,1898,875,1915,890,17,15
dc1000_530.png,2943,1435,0,998,858,1021,885,23,27
dc1000_530.png,2943,1435,0,1340,739,1347,748,7,9
dc1000_530.png,2943,1435,0,1979,679,1994,707,15,28
dc1000_530.png,2943,1435,0,2081,653,2126,706,45,53
dc1000_530.png,2943,1435,0,845,624,861,646,16,22
dc1000_530.png,2943,1435,0,778,617,791,632,13,15
dc1000_530.png,2943,1435,0,784,599,803,613,19,14
dc1000_524.png,2943,1435,0,971,770,1012,821,41,51
dc1000_242.png,2943,1435,0,1749,904,1772,929,23,25
dc1000_242.png,2943,1435,0,1641,880,1656,901,15,21
dc1000_242.png,2943,1435,0,1667,873,1681,907,14,34
dc1000_242.png,2943,1435,0,1768,843,1851,896,83,53
dc1000_242.png,2943,1435,0,1079,667,1112,689,33,22
dc1000_242.png,2943,1435,0,1038,652,1057,681,19,29
dc1000_295.png,2943,1435,0,1247,892,1260,906,13,14
dc1000_295.png,2943,1435,0,1881,889,1891,897,10,8
dc1000_295.png,2943,1435,0,1858,739,1873,754,15,15
dc1000_281.png,2943,1435,0,1370,936,1388,968,18,32
dc1000_281.png,2943,1435,0,1631,923,1637,935,6,12
dc1000_281.png,2943,1435,0,935,850,943,861,8,11
dc1000_281.png,2943,1435,0,790,640,846,708,56,68
opg_xray_84.jpg,1512,776,0,574,493,648,640,74,146
dc1000_478.png,2943,1435,0,1802,822,1843,841,41,19
dc1000_478.png,2943,1435,0,1776,822,1790,839,14,17
dc1000_478.png,2943,1435,0,1886,800,1906,831,20,31
dc1000_478.png,2943,1435,0,1788,734,1801,744,13,10
dc1000_478.png,2943,1435,0,1132,682,1158,713,26,31
dc1000_478.png,2943,1435,0,1020,656,1026,670,6,14
opg_xray_212.jpg,1175,623,0,343,413,402,543,59,130
dental_radiography_0768_jpg.rf.04ff90b4aa9bc6d40760db127a96e259.jpg,512,256,0,85,101,119,163,34,62
dental_radiography_0768_jpg.rf.04ff90b4aa9bc6d40760db127a96e259.jpg,512,256,0,392,155,416,212,24,57
dental_radiography_0768_jpg.rf.04ff90b4aa9bc6d40760db127a96e259.jpg,512,256,0,370,162,394,220,24,58
dental_radiography_0768_jpg.rf.04ff90b4aa9bc6d40760db127a96e259.jpg,512,256,0,114,158,137,218,23,60
opg_xray_90.jpg,1369,613,0,405,305,513,458,109,154
dc1000_444.png,2943,1435,0,808,716,819,730,11,14
dc1000_444.png,2943,1435,0,1192,672,1202,684,10,12
dc1000_444.png,2943,1435,0,1850,659,1857,670,7,11
dc1000_444.png,2943,1435,0,1973,653,2001,699,28,46
dc1000_444.png,2943,1435,0,1088,653,1097,665,9,12
dc1000_444.png,2943,1435,0,1954,641,1964,665,10,24
dc1000_444.png,2943,1435,0,903,600,939,670,36,70
dc1000_444.png,2943,1435,0,886,597,898,631,12,34
dc1000_450.png,2943,1435,0,1807,880,1849,913,42,33
dc1000_450.png,2943,1435,0,1146,871,1164,896,18,25
dc1000_450.png,2943,1435,0,1879,849,1926,893,47,44
dc1000_450.png,2943,1435,0,2052,821,2062,837,10,16
dc1000_450.png,2943,1435,0,1459,811,1475,839,16,28
dc1000_450.png,2943,1435,0,787,730,860,787,73,57
dc1000_450.png,2943,1435,0,890,695,899,705,9,10
dc1000_450.png,2943,1435,0,766,591,839,676,73,85
dental_radiography_0700_jpg.rf.1cf7f2dd7c9cd0a65b6213009e8cc43d.jpg,512,256,0,346,135,375,184,29,49
opg_xray_53.jpg,960,528,0,564,351,621,472,57,120
opg_xray_53.jpg,960,528,0,241,351,309,479,68,128
opg_xray_53.jpg,960,528,0,181,250,248,359,67,109
opg_xray_53.jpg,960,528,0,662,255,722,363,60,108
dc1000_487.png,2943,1435,0,1358,920,1372,943,14,23
dc1000_487.png,2943,1435,0,1728,888,1751,914,23,26
dc1000_493.png,2943,1435,0,1042,866,1046,871,4,5
dc1000_493.png,2943,1435,0,1920,853,1941,869,21,16
dc1000_493.png,2943,1435,0,785,839,836,860,51,21
dc1000_493.png,2943,1435,0,1029,735,1053,761,24,26
dc1000_493.png,2943,1435,0,741,680,817,748,76,68
dental_radiography_0536_jpg.rf.3a7e13dd78ae4edccebbd4f97dc8271e.jpg,512,256,0,226,110,238,152,12,42
dental_radiography_0536_jpg.rf.3a7e13dd78ae4edccebbd4f97dc8271e.jpg,512,256,0,303,109,319,159,16,50
dc1000_1058.png,2943,1435,0,1893,871,1909,885,16,14
dc1000_1058.png,2943,1435,0,1938,794,2047,871,109,77
dc1000_1058.png,2943,1435,0,1934,751,1941,762,7,11
dc1000_108.png,2943,1435,0,1853,869,1862,878,9,9
dc1000_108.png,2943,1435,0,1196,864,1243,918,47,54
dc1000_108.png,2943,1435,0,1876,862,1886,869,10,7
dc1000_108.png,2943,1435,0,1068,861,1077,876,9,15
dc1000_108.png,2943,1435,0,2062,853,2070,861,8,8
dc1000_108.png,2943,1435,0,1973,842,1988,849,15,7
dc1000_108.png,2943,1435,0,2023,685,2032,695,9,10
dc1000_646.png,2943,1435,0,867,907,882,925,15,18
dc1000_646.png,2943,1435,0,896,859,990,927,94,68
dc1000_646.png,2943,1435,0,1341,852,1350,863,9,11
dc1000_646.png,2943,1435,0,1768,850,1786,873,18,23
dc1000_646.png,2943,1435,0,907,798,964,821,57,23
dc1000_646.png,2943,1435,0,967,787,1010,822,43,35
dc1000_646.png,2943,1435,0,1161,753,1169,777,8,24
dc1000_646.png,2943,1435,0,989,748,1001,768,12,20
dc1000_646.png,2943,1435,0,1891,698,1903,714,12,16
dc1000_646.png,2943,1435,0,1799,677,1818,707,19,30
dental_radiography_0033_jpg.rf.3999c2ac8092e944a0d32b5716ad7162.jpg,512,256,0,218,48,231,88,13,40
dental_radiography_0033_jpg.rf.3999c2ac8092e944a0d32b5716ad7162.jpg,512,256,0,184,61,197,97,13,36
dc1000_120.png,2943,1435,0,1933,912,1951,936,18,24
dc1000_120.png,2943,1435,0,2048,855,2075,895,27,40
dc1000_120.png,2943,1435,0,2075,843,2107,874,32,31
dc1000_120.png,2943,1435,0,855,839,869,856,14,17
dc1000_120.png,2943,1435,0,1075,737,1094,763,19,26
dc1000_120.png,2943,1435,0,741,734,766,750,25,16
dc1000_120.png,2943,1435,0,2003,716,2017,741,14,25
dc1000_120.png,2943,1435,0,1899,713,1906,719,7,6
dc1000_120.png,2943,1435,0,2086,696,2095,705,9,9
dc1000_134.png,2943,1435,0,1818,840,1830,853,12,13
dc1000_134.png,2943,1435,0,1858,787,1875,819,17,32
dc1000_134.png,2943,1435,0,1955,777,1966,785,11,8
dc1000_134.png,2943,1435,0,846,705,926,777,80,72
dc1000_652.png,2943,1435,0,1184,908,1199,916,15,8
dc1000_652.png,2943,1435,0,1185,888,1196,903,11,15
dc1000_652.png,2943,1435,0,988,823,1000,850,12,27
dc1000_652.png,2943,1435,0,1825,815,1836,830,11,15
dc1000_652.png,2943,1435,0,1834,800,1849,824,15,24
dc1000_652.png,2943,1435,0,1890,791,1904,805,14,14
dc1000_652.png,2943,1435,0,989,775,997,788,8,13
dc1000_652.png,2943,1435,0,976,766,987,788,11,22
dc1000_652.png,2943,1435,0,872,754,901,812,29,58
dc1000_652.png,2943,1435,0,2072,723,2100,779,28,56
dc1000_652.png,2943,1435,0,2102,720,2123,745,21,25
dc1000_652.png,2943,1435,0,2123,689,2167,760,44,71
dc1000_652.png,2943,1435,0,1855,682,1872,695,17,13
dc1000_652.png,2943,1435,0,1036,673,1061,703,25,30
dc1000_652.png,2943,1435,0,1866,671,1879,685,13,14
dc1000_652.png,2943,1435,0,1125,650,1137,660,12,10
dc1000_652.png,2943,1435,0,936,622,944,629,8,7
dc1000_652.png,2943,1435,0,2106,580,2115,595,9,15
dc1000_652.png,2943,1435,0,764,546,857,639,93,93
dc1000_652.png,2943,1435,0,2124,458,2167,531,43,73
dc1000_861.png,2943,1435,0,2058,836,2068,848,10,12
dc1000_861.png,2943,1435,0,988,818,1004,843,16,25
dc1000_861.png,2943,1435,0,1893,668,1901,683,8,15
dc1000_861.png,2943,1435,0,1844,657,1887,723,43,66
dc1000_861.png,2943,1435,0,2010,655,2022,676,12,21
dc1000_861.png,2943,1435,0,1626,651,1646,714,20,63
dc1000_861.png,2943,1435,0,1292,645,1305,676,13,31
dc1000_861.png,2943,1435,0,1313,640,1381,723,68,83
dc1000_875.png,2943,1435,0,1879,922,1893,935,14,13
dc1000_875.png,2943,1435,0,1901,900,1913,917,12,17
dc1000_875.png,2943,1435,0,958,890,981,896,23,6
dc1000_875.png,2943,1435,0,2006,855,2039,883,33,28
dc1000_875.png,2943,1435,0,859,845,885,881,26,36
dc1000_875.png,2943,1435,0,801,777,872,857,71,80
dc1000_875.png,2943,1435,0,1981,702,1985,708,4,6
dc1000_875.png,2943,1435,0,1995,694,2004,711,9,17
dc1000_685.png,2943,1435,0,1070,950,1095,969,25,19
dc1000_685.png,2943,1435,0,1022,926,1038,955,16,29
dc1000_685.png,2943,1435,0,988,925,1008,942,20,17
dc1000_685.png,2943,1435,0,1129,921,1150,942,21,21
dc1000_685.png,2943,1435,0,1969,891,1992,909,23,18
dc1000_685.png,2943,1435,0,1026,890,1050,920,24,30
dc1000_685.png,2943,1435,0,1014,888,1025,900,11,12
dc1000_685.png,2943,1435,0,1781,858,1810,906,29,48
dc1000_685.png,2943,1435,0,1851,856,1864,865,13,9
dc1000_685.png,2943,1435,0,1901,854,1967,943,66,89
dc1000_685.png,2943,1435,0,1678,851,1749,938,71,87
dc1000_685.png,2943,1435,0,913,838,937,866,24,28
dc1000_685.png,2943,1435,0,1955,790,2023,826,68,36
dc1000_685.png,2943,1435,0,1685,706,1701,717,16,11
dc1000_685.png,2943,1435,0,1541,700,1557,725,16,25
dc1000_685.png,2943,1435,0,1499,698,1532,752,33,54
dc1000_691.png,2943,1435,0,1576,947,1587,960,11,13
dc1000_691.png,2943,1435,0,1554,935,1567,957,13,22
dc1000_691.png,2943,1435,0,1935,829,1954,854,19,25
dc1000_691.png,2943,1435,0,1912,829,1925,849,13,20
dc1000_691.png,2943,1435,0,1869,709,1890,741,21,32
dc1000_691.png,2943,1435,0,1042,694,1057,720,15,26
dc1000_691.png,2943,1435,0,2094,663,2104,687,10,24
dc1000_691.png,2943,1435,0,751,571,804,661,53,90
dental_radiography_0947_jpg.rf.ad5698df1fd26668334dfdf85afff5bf.jpg,512,256,0,141,96,167,141,26,45
dc1000_687.png,2943,1435,0,1914,836,1929,859,15,23
dc1000_687.png,2943,1435,0,1844,804,1850,812,6,8
dc1000_687.png,2943,1435,0,2056,770,2064,779,8,9
dc1000_687.png,2943,1435,0,1877,710,1896,743,19,33
dc1000_687.png,2943,1435,0,1894,705,1907,712,13,7
dc1000_687.png,2943,1435,0,1891,697,1900,703,9,6
dc1000_687.png,2943,1435,0,1874,640,1886,696,12,56
dc1000_693.png,2943,1435,0,1791,857,1828,881,37,24
dc1000_693.png,2943,1435,0,1254,856,1276,893,22,37
dc1000_693.png,2943,1435,0,1049,848,1063,864,14,16
dc1000_693.png,2943,1435,0,1787,705,1831,743,44,38
dc1000_693.png,2943,1435,0,1029,704,1067,731,38,27
dc1000_693.png,2943,1435,0,1726,697,1760,743,34,46
dc1000_693.png,2943,1435,0,1836,691,1846,714,10,23
dc1000_693.png,2943,1435,0,1137,691,1144,705,7,14
dc1000_693.png,2943,1435,0,1197,674,1239,740,42,66
dental_radiography_0943_jpg.rf.6a33fd99016f1090e67a2357925d7c09.jpg,512,256,0,276,167,289,208,13,41
dental_radiography_0943_jpg.rf.6a33fd99016f1090e67a2357925d7c09.jpg,512,256,0,290,176,303,213,13,37
dental_radiography_0943_jpg.rf.6a33fd99016f1090e67a2357925d7c09.jpg,512,256,0,301,172,318,211,17,39
dental_radiography_0943_jpg.rf.6a33fd99016f1090e67a2357925d7c09.jpg,512,256,0,144,121,166,151,22,30
dental_radiography_0943_jpg.rf.6a33fd99016f1090e67a2357925d7c09.jpg,512,256,0,170,164,202,205,32,41
dental_radiography_0943_jpg.rf.6a33fd99016f1090e67a2357925d7c09.jpg,512,256,0,331,163,368,199,37,36
dc1000_122.png,2943,1435,0,1882,783,1906,827,24,44
dc1000_122.png,2943,1435,0,1477,761,1523,778,46,17
dc1000_122.png,2943,1435,0,1421,750,1470,783,49,33
dc1000_122.png,2943,1435,0,1962,692,1990,711,28,19
dc1000_122.png,2943,1435,0,2104,536,2116,551,12,15
dc1000_122.png,2943,1435,0,2120,528,2134,543,14,15
dc1000_122.png,2943,1435,0,1993,504,2024,564,31,60
dc1000_122.png,2943,1435,0,2016,503,2046,560,30,57
dc1000_644.png,2943,1435,0,1863,782,1900,819,37,37
dc1000_644.png,2943,1435,0,1120,720,1151,754,31,34
dc1000_644.png,2943,1435,0,1787,655,1816,684,29,29
dc1000_644.png,2943,1435,0,1162,636,1198,665,36,29
dc1000_644.png,2943,1435,0,1092,623,1146,658,54,35
dc1000_644.png,2943,1435,0,1749,617,1759,637,10,20
dc1000_644.png,2943,1435,0,1801,611,1813,634,12,23
dc1000_650.png,2943,1435,0,1903,891,1938,906,35,15
dc1000_650.png,2943,1435,0,1145,877,1188,934,43,57
dc1000_650.png,2943,1435,0,1077,870,1094,885,17,15
dc1000_650.png,2943,1435,0,1761,744,1783,759,22,15
dc1000_650.png,2943,1435,0,1147,726,1162,753,15,27
dc1000_650.png,2943,1435,0,1127,719,1146,745,19,26
dc1000_136.png,2943,1435,0,1096,911,1139,954,43,43
dc1000_136.png,2943,1435,0,1864,894,1873,903,9,9
dc1000_136.png,2943,1435,0,1730,884,1792,944,62,60
dc1000_136.png,2943,1435,0,1039,883,1050,899,11,16
dc1000_136.png,2943,1435,0,1889,874,1897,882,8,8
dc1000_136.png,2943,1435,0,1909,867,1935,889,26,22
dc1000_136.png,2943,1435,0,1162,855,1186,869,24,14
dc1000_136.png,2943,1435,0,840,855,871,894,31,39
dc1000_136.png,2943,1435,0,760,806,833,911,73,105
dc1000_136.png,2943,1435,0,1510,770,1524,800,14,30
dc1000_136.png,2943,1435,0,1324,754,1334,769,10,15
dc1000_136.png,2943,1435,0,1511,744,1524,762,13,18
dc1000_136.png,2943,1435,0,1530,741,1545,772,15,31
dc1000_136.png,2943,1435,0,1869,724,1878,729,9,5
dc1000_136.png,2943,1435,0,1875,704,1881,712,6,8
dc1000_136.png,2943,1435,0,788,702,800,718,12,16
dc1000_136.png,2943,1435,0,702,643,762,719,60,76
dental_radiography_0669_jpg.rf.f1e2059357f8ba42a2c88434285180de.jpg,512,256,0,172,156,197,185,25,29
dental_radiography_0669_jpg.rf.f1e2059357f8ba42a2c88434285180de.jpg,512,256,0,327,156,350,181,23,25
dental_radiography_0893_jpg.rf.fa1c71a9c5bdf584142c15b7be05bdc5.jpg,512,256,0,166,146,198,199,32,53
dc1000_678.png,2943,1435,0,1690,975,1702,992,12,17
dc1000_678.png,2943,1435,0,1596,964,1621,995,25,31
dc1000_678.png,2943,1435,0,1124,906,1147,931,23,25
dc1000_678.png,2943,1435,0,1792,903,1801,917,9,14
dc1000_678.png,2943,1435,0,1760,902,1776,931,16,29
dc1000_678.png,2943,1435,0,2040,896,2076,918,36,22
dc1000_678.png,2943,1435,0,1003,893,1011,901,8,8
dc1000_678.png,2943,1435,0,1855,887,1865,900,10,13
dc1000_678.png,2943,1435,0,1757,883,1774,895,17,12
dc1000_678.png,2943,1435,0,1889,881,1901,894,12,13
dc1000_678.png,2943,1435,0,853,845,886,888,33,43
dc1000_678.png,2943,1435,0,1319,741,1328,753,9,12
dc1000_678.png,2943,1435,0,1761,739,1805,776,44,37
dc1000_678.png,2943,1435,0,1182,710,1238,783,56,73
dc1000_678.png,2943,1435,0,1129,708,1137,714,8,6
dc1000_678.png,2943,1435,0,1924,701,1950,706,26,5
dc1000_485.png,2943,1435,0,1219,873,1229,882,10,9
dc1000_485.png,2943,1435,0,1962,860,1978,879,16,19
dc1000_485.png,2943,1435,0,1951,838,1960,847,9,9
dc1000_485.png,2943,1435,0,1892,833,1906,841,14,8
dc1000_485.png,2943,1435,0,1965,830,1975,845,10,15
dc1000_485.png,2943,1435,0,1370,720,1377,733,7,13
opg_xray_79.jpg,1156,572,0,891,101,973,240,82,139
dental_radiography_0301_jpg.rf.df03dfd545d23f6b819da2e20d5bef58.jpg,512,256,0,162,162,191,203,29,41
dental_radiography_0301_jpg.rf.df03dfd545d23f6b819da2e20d5bef58.jpg,512,256,0,115,150,151,185,36,35
dental_radiography_0851_jpg.rf.7c82ae41dc60570094c97fc2dad2ae19.jpg,512,256,0,164,54,199,94,35,40
dental_radiography_0851_jpg.rf.7c82ae41dc60570094c97fc2dad2ae19.jpg,512,256,0,212,53,226,91,14,38
dental_radiography_0851_jpg.rf.7c82ae41dc60570094c97fc2dad2ae19.jpg,512,256,0,215,97,233,138,18,41
opg_xray_51.jpg,1200,745,0,250,434,362,598,112,164
opg_xray_51.jpg,1200,745,0,253,309,347,449,94,140
opg_xray_51.jpg,1200,745,0,898,474,996,595,98,121
dc1000_446.png,2943,1435,0,1100,818,1116,836,16,18
dental_radiography_0465_jpg.rf.5e44f54ff84db544d81c42c74ac412a8.jpg,512,256,0,228,105,243,136,15,31
dc1000_452.png,2943,1435,0,1232,931,1248,960,16,29
dc1000_452.png,2943,1435,0,1751,925,1779,938,28,13
dc1000_452.png,2943,1435,0,814,688,846,720,32,32
dc1000_452.png,2943,1435,0,726,638,810,717,84,79
opg_xray_204.jpg,1170,623,0,290,261,361,382,70,122
opg_xray_92.jpg,1437,613,0,909,309,986,458,77,149
opg_xray_92.jpg,1437,613,0,432,112,521,261,89,149
opg_xray_92.jpg,1437,613,0,497,90,599,262,102,172
opg_xray_92.jpg,1437,613,0,934,293,1048,447,114,153
opg_xray_210.jpg,1386,715,0,959,261,1043,420,85,160
dental_radiography_0809_jpg.rf.91e746d6f08623400f84f1581bc56d27.jpg,512,256,0,326,112,350,156,24,44
dc1000_297.png,2943,1435,0,1849,769,1859,780,10,11
dental_radiography_0956_jpg.rf.0efb56c441557748c500008131bd3931.jpg,512,256,0,379,118,406,159,27,41
dc1000_283.png,2943,1435,0,1219,860,1238,893,19,33
dc1000_283.png,2943,1435,0,1779,823,1899,893,120,70
dc1000_283.png,2943,1435,0,1040,806,1068,842,28,36
dc1000_283.png,2943,1435,0,906,768,941,822,35,54
dc1000_283.png,2943,1435,0,877,737,926,803,49,66
dc1000_283.png,2943,1435,0,1020,720,1043,733,23,13
dc1000_532.png,2943,1435,0,1797,911,1841,953,44,42
dc1000_532.png,2943,1435,0,917,840,921,851,4,11
dc1000_532.png,2943,1435,0,1946,836,1955,844,9,8
dc1000_532.png,2943,1435,0,1932,682,1948,704,16,22
dc1000_532.png,2943,1435,0,919,641,949,695,30,54
dc1000_532.png,2943,1435,0,2010,638,2046,706,36,68
dc1000_532.png,2943,1435,0,896,632,916,695,20,63
dental_radiography_0352_jpg.rf.3e2a868ce6e6b1ad410c236156cb260c.jpg,512,256,0,335,64,369,126,34,62
dental_radiography_0352_jpg.rf.3e2a868ce6e6b1ad410c236156cb260c.jpg,512,256,0,306,127,324,187,18,60
dental_radiography_0352_jpg.rf.3e2a868ce6e6b1ad410c236156cb260c.jpg,512,256,0,366,72,399,127,33,55
dc1000_254.png,2943,1435,0,1629,913,1640,933,11,20
dc1000_254.png,2943,1435,0,1726,894,1741,923,15,29
dc1000_254.png,2943,1435,0,1757,891,1766,897,9,6
dc1000_254.png,2943,1435,0,825,642,869,715,44,73
dc1000_240.png,2943,1435,0,1611,862,1665,905,54,43
dc1000_240.png,2943,1435,0,1528,776,1542,797,14,21
dc1000_240.png,2943,1435,0,1525,742,1536,749,11,7
dc1000_240.png,2943,1435,0,1697,735,1730,760,33,25
dc1000_240.png,2943,1435,0,1748,724,1764,734,16,10
dc1000_240.png,2943,1435,0,1178,676,1190,693,12,17
dc1000_240.png,2943,1435,0,1107,674,1114,679,7,5
dc1000_240.png,2943,1435,0,1081,653,1102,682,21,29
dc1000_240.png,2943,1435,0,1833,641,1932,762,99,121
dc1000_240.png,2943,1435,0,942,594,973,649,31,55
dc1000_526.png,2943,1435,0,1849,866,1870,887,21,21
dc1000_526.png,2943,1435,0,2051,863,2064,876,13,13
dc1000_526.png,2943,1435,0,1888,853,1914,872,26,19
dc1000_526.png,2943,1435,0,1182,839,1199,851,17,12
dc1000_526.png,2943,1435,0,2016,822,2038,836,22,14
dc1000_526.png,2943,1435,0,1032,814,1078,841,46,27
dc1000_526.png,2943,1435,0,1865,709,1875,740,10,31
dc1000_526.png,2943,1435,0,1878,699,1885,713,7,14
dc1000_268.png,2943,1435,0,938,776,951,787,13,11
dc1000_268.png,2943,1435,0,2053,762,2127,835,74,73
dental_radiography_0219_jpg.rf.a63633f5d9b7666dd62a0592d68d9d01.jpg,512,256,0,214,58,227,90,13,32
dental_radiography_0219_jpg.rf.a63633f5d9b7666dd62a0592d68d9d01.jpg,512,256,0,226,64,240,93,14,29
dental_radiography_0850_jpg.rf.587e9be00b86468fa3aa057b3d9a984e.jpg,512,256,0,187,67,204,109,17,42
dc1000_724.png,2943,1435,0,1755,951,1768,961,13,10
dc1000_724.png,2943,1435,0,1888,868,1897,884,9,16
dc1000_724.png,2943,1435,0,1987,828,2002,835,15,7
dc1000_724.png,2943,1435,0,2061,794,2073,809,12,15
dc1000_724.png,2943,1435,0,1156,696,1164,708,8,12
dc1000_724.png,2943,1435,0,1944,678,1971,708,27,30
dc1000_724.png,2943,1435,0,1980,642,1994,680,14,38
dc1000_724.png,2943,1435,0,2117,566,2199,658,82,92
dc1000_724.png,2943,1435,0,786,555,860,631,74,76
opg_xray_172.jpg,940,454,0,139,123,192,228,53,105
opg_xray_166.jpg,1058,550,0,836,337,944,417,108,80
dental_radiography_0907_jpg.rf.41ef693cd2285c238924c689f6cb57f2.jpg,512,256,0,289,151,301,197,12,46
dental_radiography_0759_jpg.rf.e2bebe26c061f46f9f44e213cb5b4814.jpg,512,256,0,171,122,196,172,25,50
dental_radiography_0759_jpg.rf.e2bebe26c061f46f9f44e213cb5b4814.jpg,512,256,0,325,121,351,174,26,53
dental_radiography_0098_jpg.rf.66a48777bc22515364d7b419d5441796.jpg,512,256,0,343,165,372,206,29,41
dental_radiography_0151_jpg.rf.5b81ded715693313866503d5a4da1639.jpg,512,256,0,84,99,120,151,36,52
dental_radiography_0151_jpg.rf.5b81ded715693313866503d5a4da1639.jpg,512,256,0,329,112,365,177,36,65
dc1000_269.png,2943,1435,0,1187,925,1207,941,20,16
dc1000_269.png,2943,1435,0,1044,906,1091,941,47,35
dc1000_269.png,2943,1435,0,1061,880,1119,922,58,42
dc1000_269.png,2943,1435,0,1948,858,2007,918,59,60
dc1000_269.png,2943,1435,0,957,842,999,884,42,42
dc1000_269.png,2943,1435,0,1174,790,1194,815,20,25
dc1000_269.png,2943,1435,0,1143,790,1176,814,33,24
dc1000_269.png,2943,1435,0,2044,766,2161,889,117,123
dc1000_269.png,2943,1435,0,1195,765,1232,790,37,25
dc1000_269.png,2943,1435,0,1881,744,1894,776,13,32
dc1000_269.png,2943,1435,0,988,744,1038,811,50,67
dc1000_269.png,2943,1435,0,981,723,987,740,6,17
dc1000_269.png,2943,1435,0,1987,711,1997,720,10,9
dc1000_269.png,2943,1435,0,2110,629,2179,724,69,95
dc1000_269.png,2943,1435,0,2068,612,2093,671,25,59
dc1000_241.png,2943,1435,0,1653,882,1702,917,49,35
dc1000_241.png,2943,1435,0,1467,874,1478,905,11,31
dc1000_241.png,2943,1435,0,1481,848,1498,897,17,49
dc1000_241.png,2943,1435,0,1059,846,1078,860,19,14
dc1000_241.png,2943,1435,0,1544,840,1559,881,15,41
dc1000_241.png,2943,1435,0,1338,840,1396,936,58,96
dc1000_241.png,2943,1435,0,1565,836,1587,886,22,50
dc1000_241.png,2943,1435,0,1612,828,1638,863,26,35
dc1000_241.png,2943,1435,0,1719,818,1755,871,36,53
dc1000_241.png,2943,1435,0,1305,818,1353,937,48,119
dc1000_241.png,2943,1435,0,1754,816,1789,856,35,40
dc1000_241.png,2943,1435,0,1401,816,1434,892,33,76
dc1000_241.png,2943,1435,0,1274,800,1320,929,46,129
dc1000_241.png,2943,1435,0,958,753,1080,834,122,81
dc1000_241.png,2943,1435,0,1342,686,1385,705,43,19
dc1000_241.png,2943,1435,0,1271,680,1303,759,32,79
dc1000_241.png,2943,1435,0,1152,675,1209,705,57,30
dc1000_241.png,2943,1435,0,1102,654,1141,703,39,49
dc1000_241.png,2943,1435,0,1216,652,1270,699,54,47
dc1000_527.png,2943,1435,0,1504,861,1522,902,18,41
dc1000_527.png,2943,1435,0,1535,859,1552,892,17,33
dc1000_527.png,2943,1435,0,1647,852,1693,876,46,24
dc1000_527.png,2943,1435,0,1232,842,1266,864,34,22
dc1000_527.png,2943,1435,0,2032,821,2042,833,10,12
dc1000_527.png,2943,1435,0,1814,820,1894,859,80,39
dc1000_527.png,2943,1435,0,872,815,905,850,33,35
dc1000_527.png,2943,1435,0,1166,814,1208,853,42,39
dc1000_527.png,2943,1435,0,1954,787,1996,822,42,35
dc1000_527.png,2943,1435,0,899,775,930,801,31,26
dc1000_527.png,2943,1435,0,829,768,894,797,65,29
dc1000_527.png,2943,1435,0,2037,673,2070,700,33,27
dc1000_527.png,2943,1435,0,1970,661,2025,709,55,48
dc1000_533.png,2943,1435,0,1766,708,1776,714,10,6
dc1000_533.png,2943,1435,0,1903,684,1917,704,14,20
dc1000_533.png,2943,1435,0,1127,673,1141,700,14,27
dc1000_533.png,2943,1435,0,1911,655,1920,676,9,21
dc1000_255.png,2943,1435,0,1803,856,1813,869,10,13
dc1000_255.png,2943,1435,0,1729,841,1754,875,25,34
dc1000_255.png,2943,1435,0,1075,835,1098,852,23,17
dc1000_255.png,2943,1435,0,1114,815,1147,867,33,52
dc1000_255.png,2943,1435,0,1896,782,1906,791,10,9
dc1000_255.png,2943,1435,0,1980,761,1994,776,14,15
dc1000_255.png,2943,1435,0,1117,637,1138,665,21,28
dc1000_255.png,2943,1435,0,1830,628,1850,675,20,47
dc1000_255.png,2943,1435,0,1865,626,1879,635,14,9
dc1000_255.png,2943,1435,0,1339,604,1354,627,15,23
dc1000_282.png,2943,1435,0,1107,855,1158,910,51,55
dc1000_282.png,2943,1435,0,937,841,946,855,9,14
dc1000_282.png,2943,1435,0,1570,785,1579,794,9,9
dc1000_282.png,2943,1435,0,1975,747,1996,761,21,14
dc1000_296.png,2943,1435,0,1271,853,1287,870,16,17
dc1000_296.png,2943,1435,0,1815,835,1826,847,11,12
dc1000_296.png,2943,1435,0,1207,835,1224,848,17,13
dc1000_296.png,2943,1435,0,869,709,887,723,18,14
dc1000_296.png,2943,1435,0,1847,671,1855,686,8,15
dc1000_296.png,2943,1435,0,1818,661,1841,689,23,28
dc1000_296.png,2943,1435,0,1018,605,1028,621,10,16
dc1000_296.png,2943,1435,0,829,544,900,613,71,69
opg_xray_93.jpg,1310,714,0,301,425,411,562,110,137
opg_xray_93.jpg,1310,714,0,893,448,1016,578,122,130
opg_xray_211.jpg,1148,569,0,816,156,871,276,54,120
opg_xray_211.jpg,1148,569,0,862,140,927,267,66,126
opg_xray_211.jpg,1148,569,0,351,155,421,271,71,116
dc1000_453.png,2943,1435,0,1041,892,1064,908,23,16
dc1000_453.png,2943,1435,0,859,891,870,912,11,21
dc1000_453.png,2943,1435,0,1095,884,1108,895,13,11
dc1000_453.png,2943,1435,0,821,740,830,761,9,21
dc1000_453.png,2943,1435,0,931,718,940,737,9,19
dc1000_453.png,2943,1435,0,1667,696,1687,727,20,31
dental_radiography_0547_jpg.rf.95af1dd5d044f04771bf3467c2204012.jpg,512,256,0,288,60,304,99,16,39
opg_xray_239.jpg,1868,921,0,1458,463,1654,657,196,194
dc1000_447.png,2943,1435,0,1916,810,1936,823,20,13
dc1000_447.png,2943,1435,0,1700,774,1710,783,10,9
dc1000_447.png,2943,1435,0,1853,713,1889,747,36,34
dental_radiography_0789_jpg.rf.6ba027726f0580d54d6635be00468698.jpg,512,256,0,203,101,221,140,18,39
dental_radiography_0789_jpg.rf.6ba027726f0580d54d6635be00468698.jpg,512,256,0,160,68,194,105,34,37
dental_radiography_0789_jpg.rf.6ba027726f0580d54d6635be00468698.jpg,512,256,0,221,58,234,86,13,28
dc1000_490.png,2943,1435,0,1099,865,1106,872,7,7
dc1000_490.png,2943,1435,0,1963,860,1971,869,8,9
dc1000_490.png,2943,1435,0,1078,856,1095,874,17,18
dc1000_490.png,2943,1435,0,863,808,879,851,16,43
dc1000_490.png,2943,1435,0,2119,807,2158,846,39,39
dc1000_490.png,2943,1435,0,2074,794,2114,859,40,65
dc1000_490.png,2943,1435,0,2192,642,2207,653,15,11
dc1000_490.png,2943,1435,0,2127,605,2158,658,31,53
dc1000_484.png,2943,1435,0,1194,843,1212,852,18,9
dc1000_484.png,2943,1435,0,1718,825,1731,843,13,18
dc1000_484.png,2943,1435,0,1305,823,1322,833,17,10
dc1000_484.png,2943,1435,0,1783,808,1823,833,40,25
dc1000_484.png,2943,1435,0,1694,797,1733,824,39,27
dc1000_484.png,2943,1435,0,1826,792,1855,837,29,45
dc1000_484.png,2943,1435,0,1727,768,1774,817,47,49
dc1000_484.png,2943,1435,0,1838,746,1906,776,68,30
dc1000_484.png,2943,1435,0,1770,726,1799,776,29,50
dental_radiography_0434_jpg.rf.983cdb4ed75edf00e84ce2c58c84df49.jpg,512,256,0,169,148,204,184,35,36
dc1000_679.png,2943,1435,0,1552,965,1573,977,21,12
dc1000_679.png,2943,1435,0,1489,949,1512,989,23,40
dc1000_679.png,2943,1435,0,1555,931,1572,962,17,31
dc1000_679.png,2943,1435,0,1577,924,1604,987,27,63
dc1000_679.png,2943,1435,0,1241,906,1253,917,12,11
dc1000_679.png,2943,1435,0,1615,875,1661,957,46,82
dc1000_679.png,2943,1435,0,1050,873,1092,897,42,24
dc1000_679.png,2943,1435,0,1998,869,2007,875,9,6
dc1000_679.png,2943,1435,0,2006,868,2014,884,8,16
dc1000_679.png,2943,1435,0,845,849,860,864,15,15
dc1000_679.png,2943,1435,0,1994,835,2007,861,13,26
dc1000_679.png,2943,1435,0,1828,820,1842,837,14,17
dc1000_679.png,2943,1435,0,1039,703,1053,732,14,29
dc1000_679.png,2943,1435,0,935,684,942,703,7,19
dc1000_679.png,2943,1435,0,1031,673,1053,701,22,28
dc1000_679.png,2943,1435,0,1676,670,1695,693,19,23
dc1000_679.png,2943,1435,0,933,668,943,684,10,16
dc1000_679.png,2943,1435,0,2018,618,2041,644,23,26
dc1000_679.png,2943,1435,0,1982,584,1993,594,11,10
dc1000_651.png,2943,1435,0,1483,913,1492,925,9,12
dc1000_651.png,2943,1435,0,1427,910,1434,926,7,16
dc1000_651.png,2943,1435,0,1241,874,1254,891,13,17
dc1000_651.png,2943,1435,0,1155,872,1171,894,16,22
dc1000_651.png,2943,1435,0,1226,866,1234,875,8,9
dc1000_651.png,2943,1435,0,1182,833,1190,844,8,11
dc1000_651.png,2943,1435,0,1076,810,1132,858,56,48
dc1000_651.png,2943,1435,0,1156,803,1186,815,30,12
dc1000_651.png,2943,1435,0,1927,791,1938,803,11,12
dc1000_651.png,2943,1435,0,921,753,1055,891,134,138
dc1000_651.png,2943,1435,0,1922,705,1932,714,10,9
dc1000_651.png,2943,1435,0,1093,653,1110,692,17,39
dc1000_137.png,2943,1435,0,1223,905,1241,924,18,19
dc1000_137.png,2943,1435,0,1994,788,2003,798,9,10
dc1000_137.png,2943,1435,0,2101,542,2158,573,57,31
dc1000_137.png,2943,1435,0,2107,483,2195,553,88,70
dc1000_1067.png,2943,1435,0,819,709,849,742,30,33
dc1000_1067.png,2943,1435,0,866,692,960,793,94,101
dental_radiography_0675_jpg.rf.42f4255efb02410004618f5f2d5719b0.jpg,512,256,0,265,134,284,176,19,42
dc1000_645.png,2943,1435,0,1846,918,1875,940,29,22
dc1000_645.png,2943,1435,0,1904,868,1920,876,16,8
dc1000_645.png,2943,1435,0,1567,775,1580,792,13,17
dc1000_645.png,2943,1435,0,2059,736,2071,752,12,16
dc1000_645.png,2943,1435,0,2035,732,2045,745,10,13
dc1000_645.png,2943,1435,0,2069,717,2086,737,17,20
dc1000_645.png,2943,1435,0,1850,704,1868,735,18,31
dc1000_645.png,2943,1435,0,1953,690,1964,709,11,19
dc1000_645.png,2943,1435,0,2068,649,2086,669,18,20
dc1000_692.png,2943,1435,0,1285,924,1299,936,14,12
dc1000_692.png,2943,1435,0,1921,907,1933,915,12,8
dc1000_692.png,2943,1435,0,1769,904,1789,938,20,34
dc1000_692.png,2943,1435,0,1848,870,1855,877,7,7
dc1000_692.png,2943,1435,0,1724,845,1773,897,49,52
dc1000_692.png,2943,1435,0,2074,835,2094,868,20,33
dc1000_692.png,2943,1435,0,1140,834,1175,881,35,47
dc1000_692.png,2943,1435,0,842,816,881,889,39,73
dc1000_692.png,2943,1435,0,2076,790,2088,802,12,12
dc1000_692.png,2943,1435,0,1142,707,1152,722,10,15
dc1000_692.png,2943,1435,0,1154,706,1170,735,16,29
dc1000_692.png,2943,1435,0,1122,687,1139,720,17,33
dc1000_692.png,2943,1435,0,1062,671,1070,687,8,16
dc1000_692.png,2943,1435,0,1053,635,1063,664,10,29
dental_radiography_0457_jpg.rf.2f669249ff4824794de1216e2b13342d.jpg,512,256,0,279,100,292,144,13,44
dental_radiography_0457_jpg.rf.2f669249ff4824794de1216e2b13342d.jpg,512,256,0,307,115,327,142,20,27
dental_radiography_0457_jpg.rf.2f669249ff4824794de1216e2b13342d.jpg,512,256,0,294,101,307,151,13,50
dental_radiography_0457_jpg.rf.2f669249ff4824794de1216e2b13342d.jpg,512,256,0,303,58,329,103,26,45
dental_radiography_0457_jpg.rf.2f669249ff4824794de1216e2b13342d.jpg,512,256,0,325,115,338,134,13,19
dental_radiography_0603_jpg.rf.c4b40ea61b53514be7f0c797a42e3292.jpg,512,256,0,254,89,271,135,17,46
dental_radiography_0603_jpg.rf.c4b40ea61b53514be7f0c797a42e3292.jpg,512,256,0,236,91,254,136,18,45
dental_radiography_0603_jpg.rf.c4b40ea61b53514be7f0c797a42e3292.jpg,512,256,0,270,87,286,134,16,47
dental_radiography_0603_jpg.rf.c4b40ea61b53514be7f0c797a42e3292.jpg,512,256,0,323,140,353,180,30,40
dc1000_686.png,2943,1435,0,1825,840,1867,887,42,47
dc1000_686.png,2943,1435,0,1921,818,1947,836,26,18
dc1000_686.png,2943,1435,0,2064,779,2092,827,28,48
dc1000_686.png,2943,1435,0,877,775,892,792,15,17
dc1000_686.png,2943,1435,0,1089,646,1108,672,19,26
dc1000_686.png,2943,1435,0,1880,625,1928,679,48,54
dc1000_686.png,2943,1435,0,974,619,986,641,12,22
dc1000_866.png,2943,1435,0,1768,842,1775,852,7,10
dc1000_866.png,2943,1435,0,1787,835,1813,862,26,27
dc1000_866.png,2943,1435,0,1191,808,1223,831,32,23
dc1000_866.png,2943,1435,0,1841,802,1914,844,73,42
dc1000_866.png,2943,1435,0,1927,801,1950,838,23,37
dc1000_866.png,2943,1435,0,1082,801,1090,808,8,7
dc1000_866.png,2943,1435,0,1003,773,1017,795,14,22
dc1000_866.png,2943,1435,0,964,770,983,777,19,7
dc1000_866.png,2943,1435,0,991,744,992,745,1,1
dc1000_866.png,2943,1435,0,993,743,1003,748,10,5
dc1000_866.png,2943,1435,0,1745,728,1759,749,14,21
dc1000_866.png,2943,1435,0,1538,722,1546,734,8,12
dc1000_866.png,2943,1435,0,2148,711,2174,742,26,31
dc1000_866.png,2943,1435,0,1805,710,1830,739,25,29
dc1000_866.png,2943,1435,0,1943,698,1952,715,9,17
dc1000_866.png,2943,1435,0,1036,688,1046,702,10,14
dc1000_866.png,2943,1435,0,1923,685,1941,724,18,39
dc1000_866.png,2943,1435,0,1005,667,1028,692,23,25
dc1000_866.png,2943,1435,0,2060,598,2132,662,72,64
dc1000_866.png,2943,1435,0,854,590,873,609,19,19
dc1000_1088.png,2943,1435,0,1598,936,1608,948,10,12
dc1000_1088.png,2943,1435,0,1515,915,1519,926,4,11
dc1000_1088.png,2943,1435,0,2094,818,2148,894,54,76
dc1000_1088.png,2943,1435,0,782,782,839,862,57,80
dc1000_1088.png,2943,1435,0,1868,725,1878,744,10,19
dc1000_1088.png,2943,1435,0,1625,694,1632,707,7,13
dc1000_1088.png,2943,1435,0,2128,670,2134,680,6,10
dc1000_872.png,2943,1435,0,1305,872,1316,890,11,18
dc1000_872.png,2943,1435,0,1797,854,1817,886,20,32
dc1000_872.png,2943,1435,0,1165,842,1177,869,12,27
dc1000_872.png,2943,1435,0,1877,810,1890,828,13,18
dc1000_872.png,2943,1435,0,1933,800,1954,836,21,36
dc1000_872.png,2943,1435,0,1967,799,1999,832,32,33
dc1000_872.png,2943,1435,0,986,749,1005,768,19,19
dc1000_872.png,2943,1435,0,997,738,1009,749,12,11
dc1000_872.png,2943,1435,0,1594,699,1603,718,9,19
dc1000_872.png,2943,1435,0,1668,648,1710,706,42,58
dc1000_872.png,2943,1435,0,1195,637,1205,660,10,23
dc1000_872.png,2943,1435,0,1164,637,1181,682,17,45
dc1000_872.png,2943,1435,0,1819,615,1843,661,24,46
dc1000_872.png,2943,1435,0,1133,613,1145,638,12,25
dc1000_872.png,2943,1435,0,1227,612,1251,680,24,68
dc1000_872.png,2943,1435,0,1104,607,1120,640,16,33
dc1000_682.png,2943,1435,0,1724,900,1740,921,16,21
dc1000_682.png,2943,1435,0,1573,896,1585,921,12,25
dc1000_682.png,2943,1435,0,1505,879,1530,908,25,29
dc1000_682.png,2943,1435,0,1417,879,1436,905,19,26
dc1000_682.png,2943,1435,0,1783,856,1800,870,17,14
dc1000_682.png,2943,1435,0,1661,849,1674,863,13,14
dc1000_682.png,2943,1435,0,1678,843,1700,857,22,14
dc1000_682.png,2943,1435,0,1800,827,1840,879,40,52
dc1000_682.png,2943,1435,0,1096,810,1146,869,50,59
dc1000_682.png,2943,1435,0,2147,765,2153,767,6,2
dc1000_682.png,2943,1435,0,926,707,944,723,18,16
dc1000_682.png,2943,1435,0,1848,665,1861,687,13,22
dc1000_682.png,2943,1435,0,1967,639,2074,724,107,85
dc1000_682.png,2943,1435,0,952,639,976,680,24,41
dental_radiography_0954_jpg.rf.75b3f8f867717ed8da7f12a6675f3290.jpg,512,256,0,149,148,182,197,33,49
dc1000_696.png,2943,1435,0,1848,952,1859,962,11,10
dc1000_696.png,2943,1435,0,2049,901,2072,936,23,35
dc1000_696.png,2943,1435,0,1200,779,1210,822,10,43
dc1000_696.png,2943,1435,0,1188,751,1198,772,10,21
dc1000_696.png,2943,1435,0,1045,739,1065,773,20,34
dc1000_696.png,2943,1435,0,962,727,976,766,14,39
dc1000_696.png,2943,1435,0,1049,691,1058,735,9,44
dc1000_669.png,2943,1435,0,1274,912,1282,922,8,10
dc1000_669.png,2943,1435,0,1964,862,1985,883,21,21
dc1000_669.png,2943,1435,0,2006,850,2019,866,13,16
dc1000_669.png,2943,1435,0,942,832,957,849,15,17
dc1000_669.png,2943,1435,0,1027,813,1065,849,38,36
dc1000_669.png,2943,1435,0,923,771,930,779,7,8
dc1000_669.png,2943,1435,0,1063,712,1074,728,11,16
dc1000_669.png,2943,1435,0,1761,693,1779,726,18,33
dc1000_669.png,2943,1435,0,1061,666,1068,682,7,16
dc1000_669.png,2943,1435,0,961,661,971,670,10,9
dc1000_641.png,2943,1435,0,1707,909,1725,918,18,9
dc1000_641.png,2943,1435,0,1276,909,1296,930,20,21
dc1000_641.png,2943,1435,0,1808,800,1816,823,8,23
dc1000_641.png,2943,1435,0,1048,791,1094,829,46,38
dc1000_641.png,2943,1435,0,1966,790,1983,806,17,16
dc1000_641.png,2943,1435,0,1870,781,1897,822,27,41
dc1000_641.png,2943,1435,0,943,774,953,787,10,13
dc1000_641.png,2943,1435,0,1733,651,1773,710,40,59
dc1000_641.png,2943,1435,0,1126,639,1160,685,34,46
dc1000_641.png,2943,1435,0,1181,631,1198,647,17,16
dc1000_641.png,2943,1435,0,1204,630,1218,655,14,25
dc1000_641.png,2943,1435,0,1113,608,1130,648,17,40
dc1000_641.png,2943,1435,0,891,574,907,591,16,17
dc1000_641.png,2943,1435,0,915,549,952,584,37,35
dc1000_641.png,2943,1435,0,2022,506,2113,582,91,76
dc1000_641.png,2943,1435,0,804,503,929,616,125,113
dc1000_127.png,2943,1435,0,1437,815,1444,820,7,5
dc1000_127.png,2943,1435,0,1873,804,1891,814,18,10
dc1000_127.png,2943,1435,0,954,790,975,801,21,11
dc1000_127.png,2943,1435,0,1464,767,1476,775,12,8
dc1000_127.png,2943,1435,0,1925,766,1962,813,37,47
dc1000_127.png,2943,1435,0,952,765,964,784,12,19
dc1000_127.png,2943,1435,0,1949,762,1981,782,32,20
dc1000_127.png,2943,1435,0,1391,760,1414,776,23,16
dc1000_127.png,2943,1435,0,1450,743,1469,773,19,30
dc1000_127.png,2943,1435,0,859,718,901,769,42,51
dc1000_127.png,2943,1435,0,2025,714,2063,748,38,34
dc1000_127.png,2943,1435,0,1804,687,1850,728,46,41
dc1000_127.png,2943,1435,0,1853,686,1894,719,41,33
dc1000_127.png,2943,1435,0,828,620,838,630,10,10
dc1000_133.png,2944,1435,0,789,487,868,554,79,67
dc1000_655.png,2943,1435,0,1608,917,1624,932,16,15
dc1000_655.png,2943,1435,0,1576,900,1600,930,24,30
dc1000_655.png,2943,1435,0,1615,870,1622,874,7,4
dc1000_655.png,2943,1435,0,1598,859,1611,871,13,12
dc1000_655.png,2943,1435,0,1844,846,1865,866,21,20
dc1000_655.png,2943,1435,0,1001,806,1016,824,15,18
dc1000_655.png,2943,1435,0,968,804,993,820,25,16
dc1000_655.png,2943,1435,0,974,788,998,798,24,10
dc1000_655.png,2943,1435,0,1937,786,1974,830,37,44
dc1000_655.png,2943,1435,0,1013,786,1051,816,38,30
dc1000_655.png,2943,1435,0,1675,702,1727,744,52,42
dc1000_655.png,2943,1435,0,1896,656,1915,715,19,59
opg_xray_40.jpg,1200,684,0,232,282,309,429,77,147
opg_xray_54.jpg,1276,766,0,794,322,873,486,79,164
dc1000_480.png,2943,1435,0,917,817,940,863,23,46
dc1000_480.png,2943,1435,0,894,751,909,770,15,19
dc1000_480.png,2943,1435,0,2065,730,2089,748,24,18
dc1000_494.png,2943,1435,0,1950,973,2028,1027,78,54
dc1000_494.png,2943,1435,0,916,932,925,943,9,11
dc1000_494.png,2943,1435,0,981,902,1033,927,52,25
dc1000_494.png,2943,1435,0,1833,828,1847,841,14,13
dc1000_494.png,2943,1435,0,1189,785,1222,815,33,30
dc1000_494.png,2943,1435,0,1935,782,1993,815,58,33
dc1000_494.png,2943,1435,0,1801,776,1813,798,12,22
dc1000_494.png,2943,1435,0,1175,775,1183,783,8,8
dc1000_494.png,2943,1435,0,1218,744,1223,748,5,4
dc1000_494.png,2943,1435,0,1177,744,1203,771,26,27
dc1000_494.png,2943,1435,0,1146,727,1173,761,27,34
dc1000_494.png,2943,1435,0,2026,715,2033,724,7,9
dc1000_494.png,2943,1435,0,2018,693,2036,711,18,18
dental_radiography_0055_jpg.rf.b7fdd4f26ba9730b77bbe80dd7b1588c.jpg,512,256,0,363,148,387,200,24,52
dental_radiography_0055_jpg.rf.b7fdd4f26ba9730b77bbe80dd7b1588c.jpg,512,256,0,140,140,166,197,26,57
opg_xray_215.jpg,1184,662,0,373,283,433,433,59,150
opg_xray_215.jpg,1184,662,0,867,366,991,481,124,114
dental_radiography_0793_jpg.rf.38f0acfea23515c4440c443e6fb17e89.jpg,512,256,0,105,71,134,122,29,51
dental_radiography_0793_jpg.rf.38f0acfea23515c4440c443e6fb17e89.jpg,512,256,0,376,71,403,124,27,53
dc1000_443.png,2943,1435,0,1811,933,1844,974,33,41
dc1000_443.png,2943,1435,0,1154,926,1179,959,25,33
dc1000_443.png,2943,1435,0,2170,756,2211,788,41,32
dc1000_443.png,2943,1435,0,781,679,812,708,31,29
opg_xray_229.jpg,1009,506,0,594,316,689,425,95,109
dc1000_457.png,2943,1435,0,1051,853,1081,870,30,17
dc1000_457.png,2943,1435,0,965,834,1015,888,50,54
dc1000_457.png,2943,1435,0,1605,735,1619,748,14,13
dc1000_457.png,2943,1435,0,1925,691,1994,769,69,78
dental_radiography_0058_jpg.rf.0bb8e6c8dc4b829c6ad198b419120ad4.jpg,512,256,0,203,61,224,122,21,61
dental_radiography_0058_jpg.rf.0bb8e6c8dc4b829c6ad198b419120ad4.jpg,512,256,0,165,54,189,110,24,56
dental_radiography_0613_jpg.rf.442a5b8b560071b492d7ce90dd805054.jpg,512,256,0,330,93,344,133,14,40
dc1000_292.png,2943,1435,0,1799,962,1811,977,12,15
dc1000_292.png,2943,1435,0,1831,945,1840,965,9,20
dc1000_292.png,2943,1435,0,1783,795,1798,816,15,21
dc1000_292.png,2943,1435,0,1174,784,1186,799,12,15
dc1000_292.png,2943,1435,0,1360,777,1378,804,18,27
dc1000_292.png,2943,1435,0,1839,771,1872,818,33,47
dc1000_292.png,2943,1435,0,891,722,933,760,42,38
dc1000_292.png,2943,1435,0,2031,720,2090,783,59,63
dc1000_286.png,2943,1435,0,1274,933,1290,963,16,30
dc1000_286.png,2943,1435,0,1136,880,1171,925,35,45
dc1000_286.png,2943,1435,0,1922,877,1932,890,10,13
dc1000_286.png,2943,1435,0,1841,681,1853,711,12,30
dental_radiography_1000_jpg.rf.8fd4a463d99d0d8f19a0e52095c5aacb.jpg,512,256,0,311,123,324,163,13,40
dental_radiography_1000_jpg.rf.8fd4a463d99d0d8f19a0e52095c5aacb.jpg,512,256,0,323,126,332,151,9,25
dc1000_279.png,2943,1435,0,1764,823,1780,841,16,18
dc1000_279.png,2943,1435,0,884,786,892,794,8,8
dc1000_279.png,2943,1435,0,1837,606,1846,620,9,14
dc1000_279.png,2943,1435,0,1772,598,1787,624,15,26
dc1000_279.png,2943,1435,0,942,593,981,655,39,62
dc1000_251.png,2943,1435,0,1800,912,1814,921,14,9
dc1000_251.png,2943,1435,0,1840,858,1864,876,24,18
dc1000_251.png,2943,1435,0,1920,850,1929,861,9,11
dc1000_251.png,2943,1435,0,1053,805,1134,868,81,63
dc1000_537.png,2949,1435,0,1679,848,1687,854,8,6
dc1000_537.png,2949,1435,0,1364,707,1377,722,13,15
dc1000_537.png,2949,1435,0,1099,685,1144,749,45,64
dc1000_537.png,2949,1435,0,1988,662,2012,679,24,17
dc1000_537.png,2949,1435,0,2012,650,2023,673,11,23
dc1000_537.png,2949,1435,0,765,632,783,655,18,23
dc1000_523.png,2943,1435,0,1993,769,2122,843,129,74
dc1000_523.png,2943,1435,0,970,730,1087,825,117,95
dc1000_523.png,2943,1435,0,2039,702,2102,745,63,43
dc1000_523.png,2943,1435,0,1992,684,2010,699,18,15
dc1000_523.png,2943,1435,0,923,669,996,757,73,88
dc1000_523.png,2943,1435,0,1938,644,2011,684,73,40
dc1000_523.png,2943,1435,0,1063,644,1103,706,40,62
dc1000_523.png,2943,1435,0,1668,632,1680,655,12,23
dc1000_523.png,2943,1435,0,1942,623,1958,645,16,22
dc1000_523.png,2943,1435,0,1091,615,1168,701,77,86
dc1000_523.png,2943,1435,0,1402,605,1417,632,15,27
dc1000_523.png,2943,1435,0,1171,602,1240,687,69,85
dc1000_523.png,2943,1435,0,1503,591,1568,682,65,91
dc1000_245.png,2943,1435,0,1893,925,1901,934,8,9
dc1000_245.png,2943,1435,0,1474,897,1488,903,14,6
dc1000_245.png,2943,1435,0,1522,883,1545,896,23,13
dc1000_245.png,2943,1435,0,977,883,990,898,13,15
dc1000_245.png,2943,1435,0,859,859,868,867,9,8
dc1000_245.png,2943,1435,0,1990,854,2046,892,56,38
dc1000_245.png,2943,1435,0,2083,850,2119,916,36,66
dc1000_245.png,2943,1435,0,842,835,851,850,9,15
dc1000_245.png,2943,1435,0,846,727,870,743,24,16
dc1000_245.png,2943,1435,0,940,725,972,775,32,50
dc1000_245.png,2943,1435,0,2014,706,2024,721,10,15
dental_radiography_0553_jpg.rf.9d1a56f945c6f185001634defb87ccba.jpg,512,256,0,204,149,217,186,13,37
dental_radiography_0553_jpg.rf.9d1a56f945c6f185001634defb87ccba.jpg,512,256,0,331,161,347,191,16,30
dental_radiography_0553_jpg.rf.9d1a56f945c6f185001634defb87ccba.jpg,512,256,0,347,163,361,191,14,28
opg_xray_163.jpg,949,464,0,254,248,334,368,80,120
opg_xray_163.jpg,949,464,0,199,232,272,346,73,114
opg_xray_162.jpg,1144,523,0,704,108,754,257,50,149
dental_radiography_0509_jpg.rf.dbd6d10852757ba6bfb8d59fcca224b4.jpg,512,256,0,357,142,398,182,41,40
dental_radiography_0509_jpg.rf.dbd6d10852757ba6bfb8d59fcca224b4.jpg,512,256,0,337,88,359,130,22,42
dc1000_708.png,2943,1435,0,1017,882,1032,906,15,24
dc1000_708.png,2943,1435,0,816,824,888,905,72,81
dc1000_913.png,2943,1435,0,976,851,987,869,11,18
dc1000_913.png,2943,1435,0,993,833,1096,938,103,105
dc1000_913.png,2943,1435,0,1873,804,1967,869,94,65
dc1000_913.png,2943,1435,0,919,761,936,780,17,19
dc1000_522.png,2943,1435,0,1808,821,1818,829,10,8
dc1000_522.png,2943,1435,0,1984,800,2004,825,20,25
dc1000_522.png,2943,1435,0,2006,760,2076,832,70,72
dc1000_522.png,2943,1435,0,1771,655,1790,684,19,29
dc1000_522.png,2943,1435,0,1912,634,1958,688,46,54
dc1000_522.png,2943,1435,0,1851,624,1870,662,19,38
dc1000_244.png,2943,1435,0,1798,877,1809,900,11,23
dc1000_244.png,2943,1435,0,1206,839,1224,859,18,20
dc1000_244.png,2943,1435,0,1058,802,1066,814,8,12
dc1000_244.png,2943,1435,0,852,799,858,807,6,8
dc1000_244.png,2943,1435,0,861,773,868,780,7,7
dc1000_244.png,2943,1435,0,865,734,875,750,10,16
dc1000_244.png,2943,1435,0,2057,528,2122,586,65,58
dc1000_250.png,2943,1435,0,979,833,986,839,7,6
dc1000_250.png,2943,1435,0,1209,831,1227,873,18,42
dc1000_250.png,2943,1435,0,1670,825,1705,873,35,48
dc1000_250.png,2943,1435,0,876,792,882,799,6,7
dc1000_250.png,2943,1435,0,1027,768,1045,782,18,14
dc1000_250.png,2943,1435,0,1054,757,1071,777,17,20
dc1000_250.png,2943,1435,0,900,743,944,778,44,35
dc1000_250.png,2943,1435,0,1739,699,1759,718,20,19
dc1000_250.png,2943,1435,0,1282,678,1296,708,14,30
dc1000_536.png,2943,1435,0,1979,935,1989,943,10,8
dc1000_536.png,2943,1435,0,2041,860,2077,878,36,18
dc1000_536.png,2943,1435,0,1675,765,1689,777,14,12
dc1000_536.png,2943,1435,0,1059,621,1070,653,11,32
dc1000_536.png,2943,1435,0,966,605,993,645,27,40
dc1000_278.png,2943,1435,0,1356,923,1365,937,9,14
dc1000_278.png,2943,1435,0,1591,915,1606,948,15,33
dc1000_278.png,2943,1435,0,1894,876,1903,886,9,10
dc1000_278.png,2943,1435,0,1053,874,1060,891,7,17
dc1000_278.png,2943,1435,0,1065,856,1070,862,5,6
dc1000_278.png,2943,1435,0,887,851,903,867,16,16
dc1000_278.png,2943,1435,0,906,825,920,844,14,19
dc1000_278.png,2943,1435,0,1472,741,1492,776,20,35
dc1000_278.png,2943,1435,0,1305,720,1347,784,42,64
dc1000_278.png,2943,1435,0,799,557,868,618,69,61
dc1000_287.png,2943,1435,0,1781,853,1809,887,28,34
dc1000_287.png,2943,1435,0,1642,821,1648,828,6,7
dc1000_287.png,2943,1435,0,1912,686,1933,708,21,22
dc1000_293.png,2943,1435,0,2106,821,2128,857,22,36
dc1000_293.png,2943,1435,0,818,672,842,696,24,24
dc1000_293.png,2943,1435,0,853,668,869,702,16,34
dc1000_293.png,2943,1435,0,833,625,850,656,17,31
dc1000_456.png,2943,1435,0,1284,853,1303,899,19,46
dc1000_456.png,2943,1435,0,1209,845,1246,921,37,76
dc1000_456.png,2943,1435,0,1615,839,1643,865,28,26
dc1000_456.png,2943,1435,0,1761,832,1807,910,46,78
dc1000_456.png,2943,1435,0,1554,825,1562,846,8,21
dc1000_456.png,2943,1435,0,1708,821,1742,868,34,47
dc1000_456.png,2943,1435,0,1662,803,1714,891,52,88
dc1000_456.png,2943,1435,0,1864,683,1876,703,12,20
dc1000_456.png,2943,1435,0,1833,627,1897,675,64,48
dc1000_456.png,2943,1435,0,1104,621,1118,654,14,33
dc1000_456.png,2943,1435,0,1165,619,1228,707,63,88
dc1000_456.png,2943,1435,0,1070,618,1091,647,21,29
dc1000_456.png,2943,1435,0,1001,616,1034,676,33,60
dc1000_456.png,2943,1435,0,963,614,999,674,36,60
dc1000_456.png,2943,1435,0,1921,564,2008,656,87,92
dental_radiography_0267_jpg.rf.f6a813425844e1a0811081e31d777a64.jpg,512,256,0,137,150,163,191,26,41
dc1000_442.png,2943,1435,0,1889,948,1902,965,13,17
dc1000_318.png,2943,1435,0,1864,820,1877,839,13,19
dc1000_318.png,2943,1435,0,992,815,1089,916,97,101
dc1000_318.png,2943,1435,0,990,809,999,830,9,21
dc1000_318.png,2943,1435,0,1913,808,1924,820,11,12
dc1000_318.png,2943,1435,0,914,804,924,812,10,8
dc1000_318.png,2943,1435,0,2011,792,2037,807,26,15
dc1000_318.png,2943,1435,0,1753,772,1770,780,17,8
dc1000_318.png,2943,1435,0,1074,740,1098,756,24,16
dc1000_495.png,2943,1435,0,1648,908,1665,921,17,13
dc1000_495.png,2943,1435,0,1113,903,1134,917,21,14
dc1000_495.png,2943,1435,0,1680,902,1693,914,13,12
dc1000_495.png,2943,1435,0,1859,895,1873,904,14,9
dc1000_495.png,2943,1435,0,1084,895,1098,904,14,9
dc1000_495.png,2943,1435,0,1101,881,1114,899,13,18
dc1000_495.png,2943,1435,0,1051,876,1059,896,8,20
dental_radiography_0170_jpg.rf.1b40525e90249e5988447b915ee700d8.jpg,512,256,0,317,56,335,98,18,42
dental_radiography_0170_jpg.rf.1b40525e90249e5988447b915ee700d8.jpg,512,256,0,302,54,316,98,14,44
dental_radiography_0170_jpg.rf.1b40525e90249e5988447b915ee700d8.jpg,512,256,0,316,103,338,155,22,52
dental_radiography_0170_jpg.rf.1b40525e90249e5988447b915ee700d8.jpg,512,256,0,183,70,201,98,18,28
dental_radiography_0170_jpg.rf.1b40525e90249e5988447b915ee700d8.jpg,512,256,0,220,49,239,111,19,62
dental_radiography_0170_jpg.rf.1b40525e90249e5988447b915ee700d8.jpg,512,256,0,296,116,311,162,15,46
dc1000_481.png,2943,1435,0,727,635,822,715,95,80
dental_radiography_0166_jpg.rf.d6683d3999b822a113d995f6601d31b4.jpg,512,256,0,141,68,158,93,17,25
dental_radiography_0166_jpg.rf.d6683d3999b822a113d995f6601d31b4.jpg,512,256,0,199,64,212,93,13,29
dental_radiography_0166_jpg.rf.d6683d3999b822a113d995f6601d31b4.jpg,512,256,0,185,107,201,148,16,41
dental_radiography_0166_jpg.rf.d6683d3999b822a113d995f6601d31b4.jpg,512,256,0,151,67,170,91,19,24
dental_radiography_0153_jpg.rf.1d12a4e9724531e63687c31b4237c541.jpg,512,256,0,363,61,390,91,27,30
dental_radiography_0153_jpg.rf.1d12a4e9724531e63687c31b4237c541.jpg,512,256,0,301,59,317,88,16,29
dc1000_132.png,2943,1435,0,1348,911,1366,929,18,18
dc1000_132.png,2943,1435,0,1158,901,1166,908,8,7
dc1000_132.png,2943,1435,0,999,877,1015,887,16,10
dc1000_132.png,2943,1435,0,1075,875,1084,888,9,13
dc1000_132.png,2943,1435,0,1028,857,1043,884,15,27
dc1000_132.png,2943,1435,0,987,857,999,878,12,21
dc1000_132.png,2943,1435,0,1985,840,2049,886,64,46
dc1000_132.png,2943,1435,0,1318,803,1333,820,15,17
dc1000_132.png,2943,1435,0,1677,795,1690,805,13,10
dc1000_132.png,2943,1435,0,1440,795,1466,818,26,23
dc1000_132.png,2943,1435,0,1251,795,1263,823,12,28
dc1000_132.png,2943,1435,0,1648,785,1661,817,13,32
dc1000_132.png,2943,1435,0,1238,763,1248,772,10,9
dc1000_132.png,2943,1435,0,1798,761,1823,774,25,13
dc1000_654.png,2943,1435,0,1828,939,1841,954,13,15
dc1000_654.png,2943,1435,0,1475,929,1490,978,15,49
dc1000_654.png,2943,1435,0,1808,922,1818,929,10,7
dc1000_654.png,2943,1435,0,1683,916,1702,963,19,47
dc1000_654.png,2943,1435,0,1150,915,1167,930,17,15
dc1000_654.png,2943,1435,0,1107,912,1119,927,12,15
dc1000_654.png,2943,1435,0,1929,910,1939,919,10,9
dc1000_654.png,2943,1435,0,987,900,1002,916,15,16
dc1000_654.png,2943,1435,0,2061,886,2085,928,24,42
dc1000_654.png,2943,1435,0,1931,884,1940,902,9,18
dc1000_654.png,2943,1435,0,1602,884,1614,897,12,13
dc1000_654.png,2943,1435,0,1044,875,1060,881,16,6
dc1000_654.png,2943,1435,0,1256,872,1272,888,16,16
dc1000_654.png,2943,1435,0,1065,864,1109,900,44,36
dc1000_654.png,2943,1435,0,996,858,1010,872,14,14
dc1000_654.png,2943,1435,0,1015,849,1039,863,24,14
dc1000_654.png,2943,1435,0,1089,743,1101,753,12,10
dc1000_654.png,2943,1435,0,1105,735,1109,742,4,7
dc1000_654.png,2943,1435,0,1036,721,1044,731,8,10
dc1000_654.png,2943,1435,0,1094,705,1101,738,7,33
dc1000_654.png,2943,1435,0,935,699,941,706,6,7
dc1000_654.png,2943,1435,0,1022,693,1034,709,12,16
dc1000_654.png,2943,1435,0,1641,689,1658,715,17,26
dc1000_654.png,2943,1435,0,1494,684,1522,706,28,22
dc1000_654.png,2943,1435,0,1450,679,1485,703,35,24
dc1000_654.png,2943,1435,0,1847,677,1922,781,75,104
dc1000_654.png,2943,1435,0,1368,663,1392,695,24,32
dc1000_640.png,2943,1435,0,1944,866,1958,888,14,22
dc1000_640.png,2943,1435,0,1209,863,1218,872,9,9
dc1000_640.png,2943,1435,0,1873,845,1890,859,17,14
dc1000_640.png,2943,1435,0,1125,844,1137,857,12,13
dc1000_640.png,2943,1435,0,1859,842,1868,853,9,11
dc1000_640.png,2943,1435,0,1901,841,1909,846,8,5
dc1000_640.png,2943,1435,0,1047,829,1062,839,15,10
dc1000_640.png,2943,1435,0,2006,804,2013,811,7,7
dc1000_640.png,2943,1435,0,791,624,802,645,11,21
dental_radiography_0642_jpg.rf.a1d114d217f5cd69e397fb1e2ce29e62.jpg,512,256,0,138,158,186,200,48,42
dental_radiography_0642_jpg.rf.a1d114d217f5cd69e397fb1e2ce29e62.jpg,512,256,0,211,160,229,207,18,47
dental_radiography_0642_jpg.rf.a1d114d217f5cd69e397fb1e2ce29e62.jpg,512,256,0,275,119,289,151,14,32
dental_radiography_0642_jpg.rf.a1d114d217f5cd69e397fb1e2ce29e62.jpg,512,256,0,289,114,301,152,12,38
dental_radiography_0642_jpg.rf.a1d114d217f5cd69e397fb1e2ce29e62.jpg,512,256,0,301,113,315,153,14,40
dental_radiography_0642_jpg.rf.a1d114d217f5cd69e397fb1e2ce29e62.jpg,512,256,0,309,159,325,202,16,43
dc1000_126.png,2943,1435,0,1204,858,1227,885,23,27
dc1000_126.png,2943,1435,0,1121,855,1129,865,8,10
dc1000_126.png,2943,1435,0,2066,766,2143,851,77,85
dc1000_126.png,2943,1435,0,927,637,964,731,37,94
dental_radiography_0052_jpg.rf.c2fd5f08f3b4c5f786c635ce13f517fd.jpg,512,256,0,359,121,390,151,31,30
dental_radiography_0052_jpg.rf.c2fd5f08f3b4c5f786c635ce13f517fd.jpg,512,256,0,338,66,369,123,31,57
dental_radiography_0052_jpg.rf.c2fd5f08f3b4c5f786c635ce13f517fd.jpg,512,256,0,90,109,128,155,38,46
dc1000_668.png,2943,1435,0,1558,925,1578,959,20,34
dc1000_668.png,2943,1435,0,1824,924,1837,939,13,15
dc1000_668.png,2943,1435,0,1798,918,1819,944,21,26
dc1000_668.png,2943,1435,0,1940,917,1947,927,7,10
dc1000_668.png,2943,1435,0,1393,909,1401,926,8,17
dc1000_668.png,2943,1435,0,1135,907,1152,927,17,20
dc1000_668.png,2943,1435,0,1170,901,1182,921,12,20
dc1000_668.png,2943,1435,0,1060,886,1079,905,19,19
dc1000_668.png,2943,1435,0,1877,883,1889,903,12,20
dc1000_668.png,2943,1435,0,950,865,956,874,6,9
dc1000_668.png,2943,1435,0,1089,854,1122,923,33,69
dc1000_668.png,2943,1435,0,2007,848,2016,856,9,8
dc1000_668.png,2943,1435,0,973,810,1020,890,47,80
dc1000_668.png,2943,1435,0,2074,706,2117,761,43,55
dc1000_668.png,2943,1435,0,1829,702,1855,756,26,54
dc1000_668.png,2943,1435,0,1124,688,1162,761,38,73
dc1000_668.png,2943,1435,0,1105,688,1120,707,15,19
dc1000_668.png,2943,1435,0,1055,682,1066,702,11,20
dc1000_668.png,2943,1435,0,1946,675,1960,714,14,39
dc1000_668.png,2943,1435,0,1038,666,1047,695,9,29
dental_radiography_0492_jpg.rf.67ea32802e307f388986c64036f3df02.jpg,512,256,0,123,95,134,122,11,27
dental_radiography_0492_jpg.rf.67ea32802e307f388986c64036f3df02.jpg,512,256,0,135,94,162,119,27,25
dental_radiography_0492_jpg.rf.67ea32802e307f388986c64036f3df02.jpg,512,256,0,212,139,228,190,16,51
dental_radiography_0492_jpg.rf.67ea32802e307f388986c64036f3df02.jpg,512,256,0,179,82,194,129,15,47
dental_radiography_0492_jpg.rf.67ea32802e307f388986c64036f3df02.jpg,512,256,0,229,139,250,191,21,52
dental_radiography_0492_jpg.rf.67ea32802e307f388986c64036f3df02.jpg,512,256,0,253,139,274,184,21,45
dental_radiography_0492_jpg.rf.67ea32802e307f388986c64036f3df02.jpg,512,256,0,273,143,293,191,20,48
dental_radiography_0492_jpg.rf.67ea32802e307f388986c64036f3df02.jpg,512,256,0,377,142,398,172,21,30
dental_radiography_0492_jpg.rf.67ea32802e307f388986c64036f3df02.jpg,512,256,0,161,83,179,130,18,47
dental_radiography_0492_jpg.rf.67ea32802e307f388986c64036f3df02.jpg,512,256,0,112,140,133,169,21,29
dental_radiography_0492_jpg.rf.67ea32802e307f388986c64036f3df02.jpg,512,256,0,193,136,214,192,21,56
dental_radiography_0088_jpg.rf.393ad657fdcbe72c064d52c946f52737.jpg,512,256,0,357,58,388,105,31,47
dental_radiography_0088_jpg.rf.393ad657fdcbe72c064d52c946f52737.jpg,512,256,0,313,121,333,162,20,41
dc1000_697.png,2943,1435,0,2086,827,2129,888,43,61
dc1000_697.png,2943,1435,0,859,795,884,858,25,63
dc1000_697.png,2943,1435,0,1217,717,1240,747,23,30
dc1000_697.png,2943,1435,0,1071,690,1084,714,13,24
dc1000_697.png,2943,1435,0,960,670,968,680,8,10
dc1000_683.png,2943,1435,0,948,813,1001,844,53,31
dc1000_683.png,2943,1435,0,1815,811,1838,836,23,25
dc1000_683.png,2943,1435,0,945,804,957,824,12,20
dc1000_683.png,2943,1435,0,1810,798,1817,805,7,7
dc1000_683.png,2943,1435,0,898,780,943,824,45,44
dc1000_683.png,2943,1435,0,1180,756,1191,769,11,13
dc1000_683.png,2943,1435,0,1079,738,1095,758,16,20
dc1000_683.png,2943,1435,0,1787,715,1795,727,8,12
dc1000_683.png,2943,1435,0,1764,710,1781,719,17,9
dc1000_683.png,2943,1435,0,950,684,960,693,10,9
dc1000_683.png,2943,1435,0,1086,682,1096,700,10,18
dc1000_683.png,2943,1435,0,1709,681,1723,732,14,51
dc1000_683.png,2943,1435,0,973,681,988,700,15,19
dc1000_683.png,2943,1435,0,1839,650,1862,689,23,39
dc1000_867.png,2943,1435,0,1607,910,1640,937,33,27
dc1000_867.png,2943,1435,0,1281,884,1288,904,7,20
dc1000_867.png,2943,1435,0,1993,812,2045,884,52,72
dc1000_867.png,2943,1435,0,1937,789,1966,807,29,18
dc1000_695.png,2943,1435,0,942,898,955,913,13,15
dc1000_695.png,2943,1435,0,891,888,905,897,14,9
dc1000_695.png,2943,1435,0,1776,858,1787,866,11,8
dc1000_695.png,2943,1435,0,2019,855,2041,891,22,36
dc1000_695.png,2943,1435,0,894,834,903,840,9,6
dc1000_695.png,2943,1435,0,1174,758,1183,767,9,9
dc1000_695.png,2943,1435,0,1130,738,1139,767,9,29
dc1000_695.png,2943,1435,0,937,727,951,741,14,14
dc1000_695.png,2943,1435,0,1273,723,1302,791,29,68
dc1000_695.png,2943,1435,0,1847,720,1859,744,12,24
dc1000_695.png,2943,1435,0,1109,702,1126,748,17,46
dc1000_859.png,2943,1435,0,1656,888,1674,914,18,26
dc1000_859.png,2943,1435,0,1840,685,1872,731,32,46
dc1000_859.png,2943,1435,0,774,604,864,683,90,79
dc1000_681.png,2943,1435,0,1235,856,1243,864,8,8
dc1000_681.png,2943,1435,0,1126,827,1173,850,47,23
dc1000_681.png,2943,1435,0,900,766,920,812,20,46
dc1000_681.png,2943,1435,0,2055,765,2076,782,21,17
dc1000_681.png,2943,1435,0,974,743,1021,791,47,48
dc1000_681.png,2943,1435,0,1555,707,1570,741,15,34
dc1000_681.png,2943,1435,0,1579,699,1600,737,21,38
dc1000_681.png,2943,1435,0,1733,695,1740,708,7,13
dc1000_681.png,2943,1435,0,1781,689,1803,701,22,12
dc1000_681.png,2943,1435,0,1826,680,1836,690,10,10
dc1000_681.png,2943,1435,0,1198,665,1236,705,38,40
dc1000_681.png,2943,1435,0,1980,662,1994,677,14,15
dc1000_681.png,2943,1435,0,1243,657,1278,710,35,53
dc1000_681.png,2943,1435,0,1874,651,1882,659,8,8
dc1000_681.png,2943,1435,0,847,648,854,659,7,11
dc1000_681.png,2943,1435,0,1407,629,1419,655,12,26
dc1000_681.png,2943,1435,0,2078,623,2084,628,6,5
dc1000_681.png,2943,1435,0,1212,621,1234,657,22,36
dc1000_681.png,2943,1435,0,1135,612,1147,625,12,13
dc1000_681.png,2943,1435,0,895,597,908,613,13,16
dc1000_681.png,2943,1435,0,901,563,918,590,17,27
dc1000_118.png,2943,1435,0,1919,911,1929,922,10,11
dc1000_118.png,2943,1435,0,1082,902,1087,908,5,6
dc1000_118.png,2943,1435,0,2108,885,2126,916,18,31
dc1000_118.png,2943,1435,0,1811,831,1833,854,22,23
dc1000_118.png,2943,1435,0,1124,810,1145,829,21,19
dc1000_118.png,2943,1435,0,2137,808,2164,871,27,63
dc1000_118.png,2943,1435,0,1924,808,1956,823,32,15
dc1000_118.png,2943,1435,0,1151,803,1182,836,31,33
dc1000_118.png,2943,1435,0,768,682,788,699,20,17
dc1000_118.png,2943,1435,0,808,665,830,697,22,32
dc1000_118.png,2943,1435,0,2165,652,2209,681,44,29
dc1000_118.png,2943,1435,0,775,627,823,657,48,30
dc1000_656.png,2943,1435,0,1137,1009,1152,1025,15,16
dc1000_656.png,2943,1435,0,1574,1002,1594,1040,20,38
dc1000_656.png,2943,1435,0,1552,1002,1565,1029,13,27
dc1000_656.png,2943,1435,0,1072,994,1083,1008,11,14
dc1000_656.png,2943,1435,0,1020,956,1026,962,6,6
dc1000_656.png,2943,1435,0,1803,955,1823,983,20,28
dc1000_656.png,2943,1435,0,1031,943,1045,950,14,7
dc1000_656.png,2943,1435,0,2019,919,2058,939,39,20
dc1000_656.png,2943,1435,0,1528,848,1547,868,19,20
dc1000_656.png,2943,1435,0,1358,837,1367,849,9,12
dc1000_656.png,2943,1435,0,1618,834,1627,861,9,27
dc1000_656.png,2943,1435,0,1513,833,1527,846,14,13
dc1000_656.png,2943,1435,0,1409,829,1422,837,13,8
dc1000_656.png,2943,1435,0,1338,829,1356,839,18,10
dc1000_656.png,2943,1435,0,1597,824,1610,858,13,34
dc1000_656.png,2943,1435,0,1528,816,1548,835,20,19
dc1000_656.png,2943,1435,0,1094,814,1113,825,19,11
dc1000_656.png,2943,1435,0,1412,802,1420,815,8,13
dc1000_656.png,2943,1435,0,2021,780,2031,789,10,9
dc1000_656.png,2943,1435,0,1862,761,1890,798,28,37
dc1000_656.png,2943,1435,0,1008,760,1030,792,22,32
dc1000_656.png,2943,1435,0,2006,747,2017,756,11,9
dc1000_656.png,2943,1435,0,991,735,1004,749,13,14
dc1000_656.png,2943,1435,0,877,720,887,739,10,19
dc1000_656.png,2943,1435,0,784,692,836,771,52,79
dc1000_656.png,2943,1435,0,2200,684,2247,730,47,46
dc1000_656.png,2943,1435,0,766,684,790,713,24,29
dental_radiography_0947_jpg.rf.d282becb8d08dc053124903325deb986.jpg,512,256,0,345,96,371,141,26,45
dc1000_130.png,2943,1435,0,1138,928,1161,942,23,14
dental_radiography_0758_jpg.rf.fae5adf223deb9ad1bfdf1eb43c20efc.jpg,512,256,0,331,67,348,120,17,53
dc1000_124.png,2943,1435,0,1855,839,1865,853,10,14
dc1000_124.png,2943,1435,0,1140,834,1152,854,12,20
dc1000_124.png,2943,1435,0,2002,800,2010,807,8,7
dc1000_124.png,2943,1435,0,2017,603,2061,667,44,64
dc1000_1074.png,2943,1435,0,1855,784,1862,793,7,9
dc1000_1074.png,2943,1435,0,1824,776,1843,787,19,11
dc1000_1074.png,2943,1435,0,1918,768,1923,786,5,18
dc1000_1074.png,2943,1435,0,2052,730,2061,742,9,12
dc1000_1074.png,2943,1435,0,942,697,952,707,10,10
dc1000_1074.png,2943,1435,0,931,685,944,691,13,6
dc1000_1074.png,2943,1435,0,1760,642,1778,664,18,22
dc1000_1074.png,2943,1435,0,1782,630,1806,655,24,25
dc1000_1074.png,2943,1435,0,1841,628,1859,647,18,19
dc1000_1074.png,2943,1435,0,2138,617,2220,690,82,73
dc1000_642.png,2943,1435,0,1671,946,1676,950,5,4
dc1000_642.png,2943,1435,0,1170,937,1181,944,11,7
dc1000_642.png,2943,1435,0,1670,936,1677,942,7,6
dc1000_642.png,2943,1435,0,1184,935,1201,947,17,12
dc1000_642.png,2943,1435,0,1165,922,1170,929,5,7
dc1000_642.png,2943,1435,0,1083,916,1089,924,6,8
dc1000_642.png,2943,1435,0,1010,915,1055,936,45,21
dc1000_642.png,2943,1435,0,1966,897,1971,903,5,6
dc1000_642.png,2943,1435,0,1935,890,1945,912,10,22
dc1000_642.png,2943,1435,0,1662,824,1677,844,15,20
dc1000_642.png,2943,1435,0,1177,818,1198,854,21,36
dc1000_642.png,2943,1435,0,1754,813,1771,829,17,16
dc1000_642.png,2943,1435,0,1725,809,1730,815,5,6
dc1000_642.png,2943,1435,0,1776,801,1790,817,14,16
dc1000_642.png,2943,1435,0,1677,795,1691,808,14,13
dc1000_642.png,2943,1435,0,1903,793,1913,810,10,17
dc1000_642.png,2943,1435,0,979,787,987,805,8,18
dc1000_642.png,2943,1435,0,1917,772,1963,814,46,42
dc1000_642.png,2943,1435,0,1701,772,1727,807,26,35
opg_xray_43.jpg,1200,672,0,871,318,982,512,111,194
opg_xray_43.jpg,1200,672,0,269,462,348,615,79,152
opg_xray_43.jpg,1200,672,0,164,327,245,489,80,162
dc1000_497.png,2943,1435,0,1848,853,1906,861,58,8
dc1000_497.png,2943,1435,0,1003,828,1012,843,9,15
dc1000_497.png,2943,1435,0,1223,821,1231,828,8,7
dc1000_497.png,2943,1435,0,1023,815,1031,827,8,12
dc1000_497.png,2943,1435,0,908,803,928,815,20,12
dc1000_497.png,2943,1435,0,1606,751,1624,777,18,26
dc1000_497.png,2943,1435,0,1314,740,1328,758,14,18
dc1000_497.png,2943,1435,0,1097,722,1128,750,31,28
dc1000_497.png,2943,1435,0,1713,721,1752,785,39,64
dc1000_497.png,2943,1435,0,1163,669,1208,719,45,50
dc1000_497.png,2943,1435,0,1005,661,1091,719,86,58
dc1000_497.png,2943,1435,0,901,658,931,691,30,33
dc1000_483.png,2943,1435,0,1255,879,1258,883,3,4
dc1000_483.png,2943,1435,0,1177,869,1187,877,10,8
dc1000_483.png,2943,1435,0,1913,840,1926,857,13,17
dc1000_483.png,2943,1435,0,1025,801,1044,815,19,14
dc1000_483.png,2943,1435,0,1633,772,1645,786,12,14
dc1000_483.png,2943,1435,0,1762,735,1784,747,22,12
dc1000_483.png,2943,1435,0,839,732,860,759,21,27
dc1000_483.png,2943,1435,0,1789,731,1796,738,7,7
dc1000_483.png,2943,1435,0,2123,712,2186,762,63,50
dc1000_483.png,2943,1435,0,2175,669,2188,687,13,18
dc1000_483.png,2943,1435,0,756,669,846,770,90,101
dc1000_483.png,2943,1435,0,760,566,840,633,80,67
dc1000_483.png,2943,1435,0,2101,557,2197,638,96,81
dc1000_468.png,2943,1435,0,1205,903,1217,912,12,9
dc1000_468.png,2943,1435,0,1090,863,1113,883,23,20
dc1000_468.png,2943,1435,0,1810,690,1821,697,11,7
dc1000_468.png,2943,1435,0,1125,690,1141,720,16,30
dc1000_468.png,2943,1435,0,1830,659,1843,700,13,41
opg_xray_80.jpg,786,377,0,190,66,247,155,57,89
dental_radiography_0867_jpg.rf.73c9ec2ead9517f8a8e184e2969c9068.jpg,512,256,0,144,75,168,102,24,27
dc1000_454.png,2943,1435,0,1608,956,1622,975,14,19
dc1000_454.png,2943,1435,0,1625,924,1636,935,11,11
dc1000_454.png,2943,1435,0,1785,884,1806,897,21,13
dc1000_454.png,2943,1435,0,2012,805,2050,853,38,48
dc1000_454.png,2943,1435,0,1667,751,1683,772,16,21
dc1000_454.png,2943,1435,0,1732,742,1767,774,35,32
dc1000_454.png,2943,1435,0,1774,732,1813,772,39,40
dc1000_440.png,2943,1435,0,1174,866,1183,871,9,5
dc1000_440.png,2943,1435,0,1055,843,1096,858,41,15
dc1000_440.png,2943,1435,0,1131,838,1170,879,39,41
dc1000_440.png,2943,1435,0,1013,833,1020,841,7,8
dc1000_440.png,2943,1435,0,1003,815,1012,831,9,16
dc1000_440.png,2943,1435,0,1085,787,1122,799,37,12
dc1000_440.png,2943,1435,0,1031,780,1054,789,23,9
dc1000_440.png,2943,1435,0,1818,778,1854,794,36,16
dc1000_440.png,2943,1435,0,1869,761,1899,781,30,20
dc1000_440.png,2943,1435,0,914,739,998,841,84,102
dental_radiography_0434_jpg.rf.c5c0f83f3bc9d3c4fda25f3ba6878ccf.jpg,512,256,0,308,148,343,184,35,36
dc1000_285.png,2943,1435,0,1157,884,1175,906,18,22
dc1000_285.png,2943,1435,0,1225,861,1250,909,25,48
dc1000_285.png,2943,1435,0,1275,855,1284,864,9,9
dc1000_285.png,2943,1435,0,1684,828,1715,850,31,22
dc1000_285.png,2943,1435,0,1159,736,1167,750,8,14
dc1000_285.png,2943,1435,0,1796,729,1819,758,23,29
dc1000_285.png,2943,1435,0,1778,721,1794,736,16,15
dc1000_285.png,2943,1435,0,1191,718,1220,790,29,72
dc1000_285.png,2943,1435,0,1208,635,1211,637,3,2
dc1000_291.png,2943,1435,0,1673,877,1680,886,7,9
dc1000_291.png,2943,1435,0,1087,838,1096,851,9,13
dc1000_291.png,2943,1435,0,1093,828,1099,834,6,6
dc1000_291.png,2943,1435,0,1835,785,1923,864,88,79
dc1000_291.png,2943,1435,0,1299,763,1309,777,10,14
dc1000_291.png,2943,1435,0,1176,758,1186,768,10,10
dc1000_291.png,2943,1435,0,1906,662,1988,731,82,69
dc1000_291.png,2943,1435,0,952,605,1000,670,48,65
dc1000_508.png,2943,1435,0,1242,918,1260,932,18,14
dc1000_508.png,2943,1435,0,854,893,869,911,15,18
dc1000_508.png,2943,1435,0,2068,892,2084,916,16,24
dc1000_508.png,2943,1435,0,1171,762,1200,796,29,34
dc1000_508.png,2943,1435,0,1794,730,1828,774,34,44
dc1000_508.png,2943,1435,0,2025,713,2054,735,29,22
dc1000_246.png,2943,1435,0,1649,976,1659,984,10,8
dc1000_246.png,2943,1435,0,1901,895,1907,901,6,6
dc1000_246.png,2943,1435,0,1894,878,1911,892,17,14
dc1000_246.png,2943,1435,0,1919,760,1956,806,37,46
dc1000_520.png,2943,1435,0,1845,868,1851,882,6,14
dc1000_520.png,2943,1435,0,1165,855,1215,907,50,52
dc1000_520.png,2943,1435,0,1975,853,1988,862,13,9
dc1000_520.png,2943,1435,0,1102,851,1109,860,7,9
dc1000_520.png,2943,1435,0,2081,796,2115,820,34,24
dc1000_520.png,2943,1435,0,1880,741,1895,754,15,13
dc1000_520.png,2943,1435,0,836,635,880,663,44,28
dc1000_534.png,2943,1435,0,1879,904,1891,916,12,12
dc1000_534.png,2943,1435,0,1029,855,1045,870,16,15
dc1000_534.png,2943,1435,0,1763,819,1791,849,28,30
dc1000_534.png,2943,1435,0,1846,811,1860,826,14,15
dc1000_534.png,2943,1435,0,1788,808,1820,840,32,32
dc1000_534.png,2943,1435,0,1081,799,1088,809,7,10
dc1000_534.png,2943,1435,0,1072,796,1078,806,6,10
dc1000_534.png,2943,1435,0,1975,770,1982,780,7,10
dc1000_534.png,2943,1435,0,1964,756,1976,785,12,29
dc1000_534.png,2943,1435,0,1953,754,1963,797,10,43
dc1000_534.png,2943,1435,0,1076,753,1087,767,11,14
dc1000_534.png,2943,1435,0,1979,752,2010,782,31,30
dc1000_534.png,2943,1435,0,2066,682,2132,743,66,61
dc1000_252.png,2943,1435,0,1432,751,1455,763,23,12
dc1000_252.png,2943,1435,0,2050,683,2065,693,15,10
dc1000_252.png,2943,1435,0,951,665,982,699,31,34
dc1000_252.png,2943,1435,0,920,652,932,665,12,13
dc1000_252.png,2943,1435,0,1915,650,1949,706,34,56
dc1000_252.png,2943,1435,0,1028,634,1038,658,10,24
dc1000_939.png,2943,1435,0,1038,858,1043,871,5,13
dc1000_939.png,2943,1435,0,1877,852,1904,869,27,17
dc1000_939.png,2943,1435,0,1951,831,1969,855,18,24
dc1000_939.png,2943,1435,0,2190,751,2251,829,61,78
dc1000_939.png,2943,1435,0,1004,685,1017,712,13,27
dc1000_939.png,2943,1435,0,1956,681,1967,706,11,25
opg_xray_160.jpg,1124,477,0,779,97,851,222,72,124
opg_xray_160.jpg,1124,477,0,831,89,903,225,72,136
opg_xray_160.jpg,1124,477,0,318,254,387,372,69,118
dc1000_736.png,2943,1435,0,1601,877,1622,906,21,29
dc1000_736.png,2943,1435,0,892,820,902,826,10,6
dc1000_736.png,2943,1435,0,1083,814,1126,839,43,25
dc1000_736.png,2943,1435,0,1892,800,1949,832,57,32
dc1000_736.png,2943,1435,0,2035,792,2103,850,68,58
dc1000_736.png,2943,1435,0,954,784,1032,836,78,52
dc1000_736.png,2943,1435,0,911,681,949,702,38,21
dc1000_736.png,2943,1435,0,825,632,852,668,27,36
dc1000_736.png,2943,1435,0,786,620,794,628,8,8
opg_xray_149.jpg,1078,462,0,342,116,404,224,62,109
opg_xray_149.jpg,1078,462,0,642,105,686,226,44,121
opg_xray_149.jpg,1078,462,0,679,116,751,232,71,115
dental_radiography_0781_jpg.rf.f5059bd2e671c00749a12fddba5c82c3.jpg,512,256,0,187,104,205,129,18,25
dental_radiography_0781_jpg.rf.f5059bd2e671c00749a12fddba5c82c3.jpg,512,256,0,203,99,217,137,14,38
dental_radiography_0781_jpg.rf.f5059bd2e671c00749a12fddba5c82c3.jpg,512,256,0,295,158,308,178,13,20
dental_radiography_0242_jpg.rf.c6d5aa8ee1ae3990d0e189766db9dc36.jpg,512,256,0,115,104,139,146,24,42
dc1000_535.png,2943,1435,0,1111,903,1127,917,16,14
dc1000_535.png,2943,1435,0,1075,891,1103,912,28,21
dc1000_535.png,2943,1435,0,1857,887,1894,934,37,47
dc1000_535.png,2943,1435,0,2010,863,2022,871,12,8
dc1000_535.png,2943,1435,0,1116,787,1127,799,11,12
dc1000_535.png,2943,1435,0,1131,786,1135,794,4,8
dc1000_535.png,2943,1435,0,1909,771,1916,780,7,9
dc1000_535.png,2943,1435,0,1905,752,1917,766,12,14
dc1000_535.png,2943,1435,0,1993,736,2022,757,29,21
dc1000_535.png,2943,1435,0,807,716,816,733,9,17
dc1000_535.png,2943,1435,0,920,711,927,723,7,12
dc1000_535.png,2943,1435,0,832,702,867,730,35,28
dc1000_253.png,2943,1435,0,1603,864,1620,892,17,28
dc1000_253.png,2943,1435,0,1662,855,1669,862,7,7
dc1000_253.png,2943,1435,0,1642,832,1666,848,24,16
dc1000_253.png,2943,1435,0,1634,823,1641,831,7,8
dc1000_253.png,2943,1435,0,1025,778,1033,799,8,21
dc1000_253.png,2943,1435,0,933,555,951,594,18,39
dental_radiography_0393_jpg.rf.0cfec063573bf2c2a7b2c499ffeac0df.jpg,512,256,0,134,57,170,115,36,58
dental_radiography_0393_jpg.rf.0cfec063573bf2c2a7b2c499ffeac0df.jpg,512,256,0,350,66,373,104,23,38
dc1000_247.png,2943,1435,0,1759,837,1805,881,46,44
dc1000_247.png,2943,1435,0,911,781,983,880,72,99
dc1000_247.png,2943,1435,0,1905,695,1938,718,33,23
dc1000_247.png,2943,1435,0,1030,688,1116,750,86,62
dc1000_247.png,2943,1435,0,1991,591,2018,626,27,35
dc1000_247.png,2943,1435,0,2016,556,2078,657,62,101
dc1000_521.png,2943,1435,0,1118,881,1147,914,29,33
dc1000_521.png,2943,1435,0,1611,783,1622,807,11,24
dc1000_521.png,2943,1435,0,1623,765,1638,795,15,30
dc1000_521.png,2943,1435,0,926,708,934,719,8,11
dc1000_521.png,2943,1435,0,913,683,940,704,27,21
dc1000_509.png,2943,1435,0,1625,865,1642,888,17,23
dc1000_509.png,2943,1435,0,1872,761,1903,800,31,39
dc1000_509.png,2943,1435,0,1034,761,1046,787,12,26
dc1000_509.png,2943,1435,0,1047,753,1087,801,40,48
dc1000_509.png,2943,1435,0,1914,752,1929,775,15,23
dc1000_509.png,2943,1435,0,914,725,958,784,44,59
dc1000_509.png,2943,1435,0,849,687,924,770,75,83
dc1000_509.png,2943,1435,0,1164,659,1178,677,14,18
dc1000_509.png,2943,1435,0,1767,649,1783,674,16,25
dc1000_509.png,2943,1435,0,1179,649,1189,670,10,21
dc1000_509.png,2943,1435,0,894,562,903,581,9,19
dc1000_509.png,2943,1435,0,892,528,906,547,14,19
dc1000_509.png,2943,1435,0,894,510,908,525,14,15
dental_radiography_0125_jpg.rf.611a6542904a88732612ab2a9bbce287.jpg,512,256,0,349,60,375,92,26,32
dc1000_290.png,2943,1435,0,1016,784,1085,851,69,67
dc1000_284.png,2943,1435,0,842,856,858,883,16,27
dc1000_284.png,2943,1435,0,1906,851,1917,856,11,5
dc1000_284.png,2943,1435,0,1058,841,1107,895,49,54
dc1000_284.png,2943,1435,0,1886,829,1894,843,8,14
dc1000_284.png,2943,1435,0,1182,709,1197,737,15,28
dc1000_441.png,2943,1435,0,1096,791,1201,873,105,82
dc1000_441.png,2943,1435,0,1174,790,1194,806,20,16
dc1000_441.png,2943,1435,0,1882,761,1974,796,92,35
dc1000_441.png,2943,1435,0,991,744,1082,797,91,53
dc1000_441.png,2943,1435,0,1362,665,1379,687,17,22
dc1000_441.png,2943,1435,0,918,657,941,682,23,25
dc1000_441.png,2943,1435,0,1112,635,1120,657,8,22
dc1000_441.png,2943,1435,0,1098,612,1111,626,13,14
dc1000_441.png,2943,1435,0,1900,571,1913,590,13,19
dc1000_455.png,2943,1435,0,1703,861,1714,881,11,20
dc1000_455.png,2943,1435,0,998,768,1011,793,13,25
dc1000_455.png,2943,1435,0,1131,761,1141,779,10,18
dc1000_455.png,2943,1435,0,861,734,886,765,25,31
dc1000_455.png,2943,1435,0,990,560,998,572,8,12
dental_radiography_0400_jpg.rf.c9831f936c49960b58d4bb89c994f475.jpg,512,256,0,321,122,340,164,19,42
dental_radiography_0400_jpg.rf.c9831f936c49960b58d4bb89c994f475.jpg,512,256,0,353,75,385,117,32,42
dental_radiography_0400_jpg.rf.c9831f936c49960b58d4bb89c994f475.jpg,512,256,0,113,71,151,114,38,43
dental_radiography_0400_jpg.rf.c9831f936c49960b58d4bb89c994f475.jpg,512,256,0,265,60,291,104,26,44
opg_xray_203.jpg,1179,650,0,758,242,843,401,85,159
opg_xray_95.jpg,755,436,0,147,242,201,334,55,93
opg_xray_217.jpg,1126,554,0,393,327,447,444,54,117
opg_xray_217.jpg,1126,554,0,328,308,398,442,70,133
dc1000_469.png,2943,1435,0,1019,802,1078,874,59,72
dc1000_469.png,2943,1435,0,1883,686,1891,700,8,14
dc1000_469.png,2943,1435,0,2124,659,2137,668,13,9
dc1000_469.png,2943,1435,0,1890,658,1901,676,11,18
dc1000_482.png,2943,1435,0,1890,875,1924,912,34,37
dc1000_482.png,2943,1435,0,1442,818,1450,836,8,18
dental_radiography_0553_jpg.rf.24fafa4faefd4a63ca1a8fbcbe5d96dc.jpg,512,256,0,204,70,217,107,13,37
dental_radiography_0553_jpg.rf.24fafa4faefd4a63ca1a8fbcbe5d96dc.jpg,512,256,0,331,65,347,95,16,30
dental_radiography_0553_jpg.rf.24fafa4faefd4a63ca1a8fbcbe5d96dc.jpg,512,256,0,347,65,361,93,14,28
dc1000_496.png,2943,1435,0,1138,787,1149,810,11,23
dc1000_496.png,2943,1435,0,1139,768,1168,817,29,49
dc1000_496.png,2943,1435,0,994,741,1010,762,16,21
dc1000_496.png,2943,1435,0,1927,735,1953,743,26,8
dc1000_496.png,2943,1435,0,1771,593,1794,612,23,19
dc1000_496.png,2943,1435,0,1763,569,1785,583,22,14
dc1000_496.png,2943,1435,0,1699,566,1731,638,32,72
dental_radiography_0066_jpg.rf.a408903c6d356ce858f8922f1f0b67e1.jpg,512,256,0,113,118,147,177,34,59
opg_xray_42.jpg,1203,640,0,778,265,851,414,73,149
opg_xray_42.jpg,1203,640,0,753,412,846,564,93,152
opg_xray_42.jpg,1203,640,0,349,280,428,410,79,130
dc1000_125.png,2943,1435,0,1153,887,1168,914,15,27
dc1000_125.png,2943,1435,0,1449,862,1462,868,13,6
dc1000_125.png,2943,1435,0,1857,859,1864,867,7,8
dc1000_125.png,2943,1435,0,1906,817,1917,831,11,14
dc1000_125.png,2943,1435,0,1298,786,1302,797,4,11
dc1000_125.png,2943,1435,0,1867,735,1873,748,6,13
dc1000_643.png,2943,1435,0,1842,827,1887,867,45,40
dc1000_643.png,2943,1435,0,1965,797,1991,832,26,35
dc1000_643.png,2943,1435,0,2126,787,2145,819,19,32
dc1000_643.png,2943,1435,0,1751,655,1773,675,22,20
dc1000_643.png,2943,1435,0,1034,642,1042,652,8,10
dc1000_643.png,2943,1435,0,1785,639,1800,672,15,33
dc1000_643.png,2943,1435,0,1115,623,1123,657,8,34
dc1000_657.png,2943,1435,0,1012,914,1032,938,20,24
dc1000_657.png,2943,1435,0,1179,898,1195,932,16,34
dc1000_657.png,2943,1435,0,1108,888,1122,897,14,9
dc1000_657.png,2943,1435,0,1794,884,1817,914,23,30
dc1000_657.png,2943,1435,0,1027,880,1042,895,15,15
dc1000_657.png,2943,1435,0,1047,865,1072,900,25,35
dc1000_657.png,2943,1435,0,1823,860,1853,932,30,72
dc1000_657.png,2943,1435,0,1943,859,1954,869,11,10
dc1000_657.png,2943,1435,0,1953,858,1962,865,9,7
dc1000_657.png,2943,1435,0,1978,812,1995,828,17,16
dc1000_657.png,2943,1435,0,1473,774,1484,791,11,17
dc1000_657.png,2943,1435,0,1783,742,1794,748,11,6
dc1000_657.png,2943,1435,0,1728,726,1747,750,19,24
dc1000_657.png,2943,1435,0,1781,711,1840,750,59,39
dc1000_657.png,2943,1435,0,1057,711,1069,744,12,33
dc1000_657.png,2943,1435,0,1866,699,1898,734,32,35
dc1000_657.png,2943,1435,0,1115,677,1127,696,12,19
dc1000_657.png,2943,1435,0,1121,668,1126,674,5,6
dc1000_131.png,2943,1435,0,1753,931,1759,935,6,4
dc1000_131.png,2943,1435,0,1823,874,1835,888,12,14
dc1000_131.png,2943,1435,0,1442,855,1463,864,21,9
dc1000_131.png,2943,1435,0,985,854,999,872,14,18
dc1000_131.png,2943,1435,0,1893,853,1904,864,11,11
dc1000_131.png,2943,1435,0,1867,841,1877,858,10,17
dc1000_131.png,2943,1435,0,2028,682,2060,726,32,44
dc1000_119.png,2943,1435,0,1630,860,1638,867,8,7
dc1000_119.png,2943,1435,0,1646,853,1654,860,8,7
dc1000_119.png,2943,1435,0,1676,840,1693,852,17,12
dc1000_119.png,2943,1435,0,1910,801,1922,810,12,9
dc1000_119.png,2943,1435,0,1956,776,1991,808,35,32
dc1000_119.png,2943,1435,0,1993,769,2005,776,12,7
dental_radiography_0465_jpg.rf.72ed7f00b51bb69a0c3272251ad88a9d.jpg,512,256,0,269,105,284,136,15,31
dc1000_680.png,2943,1435,0,1628,988,1640,1006,12,18
dc1000_680.png,2943,1435,0,1139,984,1150,1012,11,28
dc1000_680.png,2943,1435,0,1706,953,1720,974,14,21
dc1000_680.png,2943,1435,0,1144,945,1160,979,16,34
dc1000_680.png,2943,1435,0,1784,930,1800,947,16,17
dc1000_680.png,2943,1435,0,1920,914,1940,950,20,36
dc1000_680.png,2943,1435,0,1855,761,1876,802,21,41
dc1000_858.png,2943,1435,0,923,829,942,871,19,42
dc1000_858.png,2943,1435,0,995,812,998,814,3,2
dc1000_858.png,2943,1435,0,1447,800,1469,815,22,15
dc1000_858.png,2943,1435,0,1908,700,1919,715,11,15
dc1000_858.png,2943,1435,0,1949,683,1960,700,11,17
dc1000_858.png,2943,1435,0,2115,622,2166,696,51,74
dc1000_694.png,2943,1435,0,1444,955,1460,990,16,35
dc1000_694.png,2943,1435,0,2027,826,2111,899,84,73
dc1000_694.png,2943,1435,0,2021,801,2074,858,53,57
dc1000_694.png,2943,1435,0,1033,728,1046,753,13,25
dc1000_694.png,2943,1435,0,1031,697,1042,713,11,16
dental_radiography_0167_jpg.rf.b56a7f5ee06bf58e0ffe96ce2b975d06.jpg,512,256,0,142,107,181,149,39,42
dental_radiography_0167_jpg.rf.b56a7f5ee06bf58e0ffe96ce2b975d06.jpg,512,256,0,298,97,310,135,12,38
dc1000_855.png,2943,1435,0,1554,867,1567,890,13,23
dc1000_855.png,2943,1435,0,1817,849,1819,850,2,1
dc1000_855.png,2943,1435,0,1823,845,1833,856,10,11
dc1000_855.png,2943,1435,0,936,759,948,772,12,13
dc1000_855.png,2943,1435,0,1246,686,1249,697,3,11
dc1000_855.png,2943,1435,0,1246,680,1247,682,1,2
dc1000_855.png,2943,1435,0,814,676,883,756,69,80
dc1000_855.png,2943,1435,0,1837,675,1847,688,10,13
dc1000_855.png,2943,1435,0,1234,658,1240,677,6,19
dc1000_855.png,2943,1435,0,1849,653,1859,669,10,16
dc1000_699.png,2943,1435,0,1718,928,1728,939,10,11
dc1000_699.png,2943,1435,0,1574,925,1586,959,12,34
dc1000_699.png,2943,1435,0,1295,907,1308,936,13,29
dc1000_699.png,2943,1435,0,1026,871,1043,900,17,29
dc1000_699.png,2943,1435,0,1926,861,1940,888,14,27
dc1000_699.png,2943,1435,0,1002,860,1014,876,12,16
dc1000_699.png,2943,1435,0,1864,839,1893,851,29,12
dc1000_699.png,2943,1435,0,1097,831,1107,839,10,8
dc1000_699.png,2943,1435,0,1934,700,1950,722,16,22
dc1000_699.png,2943,1435,0,910,648,927,693,17,45
dc1000_114.png,2943,1435,0,1060,794,1065,799,5,5
dc1000_114.png,2943,1435,0,1910,788,1925,811,15,23
dc1000_114.png,2943,1435,0,933,761,941,777,8,16
dc1000_114.png,2943,1435,0,2042,749,2053,762,11,13
dc1000_114.png,2943,1435,0,879,714,889,725,10,11
dc1000_114.png,2943,1435,0,1650,670,1658,679,8,9
dc1000_114.png,2943,1435,0,1615,621,1631,672,16,51
dc1000_114.png,2943,1435,0,782,488,833,559,51,71
dc1000_672.png,2943,1435,0,1761,833,1784,890,23,57
dc1000_672.png,2943,1435,0,948,826,967,839,19,13
dc1000_672.png,2943,1435,0,1137,822,1157,848,20,26
dc1000_672.png,2943,1435,0,1813,805,1858,863,45,58
dc1000_672.png,2943,1435,0,2108,775,2136,814,28,39
dc1000_672.png,2943,1435,0,858,758,897,798,39,40
dc1000_672.png,2943,1435,0,2103,751,2123,774,20,23
dc1000_672.png,2943,1435,0,1781,721,1806,751,25,30
dc1000_672.png,2943,1435,0,1873,709,1884,722,11,13
dc1000_672.png,2943,1435,0,1320,698,1328,708,8,10
dc1000_672.png,2943,1435,0,2011,658,2025,708,14,50
dc1000_672.png,2943,1435,0,2056,648,2129,708,73,60
dc1000_672.png,2943,1435,0,2130,647,2138,660,8,13
dc1000_672.png,2943,1435,0,873,617,885,646,12,29
dc1000_666.png,2943,1435,0,1152,818,1160,828,8,10
dc1000_666.png,2943,1435,0,1620,623,1630,645,10,22
dc1000_666.png,2943,1435,0,852,616,864,640,12,24
dc1000_666.png,2943,1435,0,1764,591,1777,619,13,28
dc1000_666.png,2943,1435,0,854,587,868,608,14,21
dc1000_666.png,2943,1435,0,2157,534,2182,580,25,46
dental_radiography_0226_jpg.rf.8c646d28e72ade4b47ff9caef4727ff7.jpg,512,256,0,160,70,184,115,24,45
dc1000_1050.png,2943,1435,0,1990,825,2023,846,33,21
dc1000_1050.png,2943,1435,0,985,807,1034,865,49,58
dc1000_1050.png,2943,1435,0,2028,796,2094,850,66,54
dc1000_1050.png,2943,1435,0,1991,786,2029,799,38,13
dc1000_1050.png,2943,1435,0,1974,667,2009,718,35,51
dental_radiography_0167_jpg.rf.3e057d58f1887cf8142150debf336cf7.jpg,512,256,0,331,107,370,149,39,42
dental_radiography_0167_jpg.rf.3e057d58f1887cf8142150debf336cf7.jpg,512,256,0,202,97,214,135,12,38
dc1000_128.png,2943,1435,0,1760,907,1769,915,9,8
dc1000_128.png,2943,1435,0,1838,884,1844,888,6,4
dc1000_128.png,2943,1435,0,1879,882,1894,899,15,17
dc1000_128.png,2943,1435,0,1001,865,1041,920,40,55
dc1000_128.png,2943,1435,0,1044,856,1119,924,75,68
dc1000_128.png,2943,1435,0,2030,682,2053,703,23,21
dc1000_128.png,2943,1435,0,813,635,878,719,65,84
dc1000_470.png,2943,1435,0,1265,886,1278,898,13,12
dc1000_470.png,2943,1435,0,1632,813,1642,828,10,15
dc1000_470.png,2943,1435,0,1881,811,1895,823,14,12
dc1000_470.png,2943,1435,0,1977,766,2038,817,61,51
dc1000_470.png,2943,1435,0,1763,749,1787,780,24,31
dc1000_470.png,2943,1435,0,1796,728,1831,776,35,48
dc1000_470.png,2943,1435,0,850,634,925,689,75,55
dc1000_464.png,2943,1435,0,1867,822,1876,828,9,6
dc1000_464.png,2943,1435,0,1834,822,1849,835,15,13
dc1000_464.png,2943,1435,0,2134,540,2204,632,70,92
opg_xray_232.jpg,1908,907,0,1053,503,1153,787,100,284
opg_xray_232.jpg,1908,907,0,1192,524,1323,792,130,268
dental_radiography_0666_jpg.rf.073c3d037cb4fa521ce040ef9d539d12.jpg,512,256,0,271,96,288,144,17,48
dc1000_458.png,2943,1435,0,1906,883,1915,898,9,15
dc1000_458.png,2943,1435,0,1034,852,1049,867,15,15
dc1000_458.png,2943,1435,0,1911,844,1925,860,14,16
dc1000_458.png,2943,1435,0,1247,743,1259,793,12,50
dc1000_458.png,2943,1435,0,1077,678,1098,712,21,34
opg_xray_226.jpg,1457,802,0,998,430,1187,596,190,166
opg_xray_226.jpg,1457,802,0,1004,246,1141,434,137,187
dental_radiography_0279_jpg.rf.f9fc5ccc0b96b00196e66140fb678fda.jpg,512,256,0,338,105,372,171,34,66
dental_radiography_0334_jpg.rf.afba46dfc2e8db43b86eaefe0c9c5b06.jpg,512,256,0,212,103,230,137,18,34
dental_radiography_0334_jpg.rf.afba46dfc2e8db43b86eaefe0c9c5b06.jpg,512,256,0,175,109,195,150,20,41
dc1000_289.png,2943,1435,0,1781,855,1789,863,8,8
dc1000_289.png,2943,1435,0,1041,842,1051,857,10,15
dc1000_289.png,2943,1435,0,2150,764,2156,771,6,7
dc1000_289.png,2943,1435,0,1208,698,1223,707,15,9
dc1000_289.png,2943,1435,0,1166,683,1178,696,12,13
dc1000_289.png,2943,1435,0,1183,667,1194,677,11,10
dc1000_289.png,2943,1435,0,1821,657,1836,673,15,16
dc1000_289.png,2943,1435,0,1078,657,1095,670,17,13
dc1000_289.png,2943,1435,0,1113,642,1126,655,13,13
dc1000_289.png,2943,1435,0,1900,639,1929,670,29,31
dc1000_289.png,2943,1435,0,2015,636,2046,650,31,14
dc1000_289.png,2943,1435,0,1937,622,1973,684,36,62
dc1000_289.png,2943,1435,0,2018,603,2040,611,22,8
dc1000_289.png,2943,1435,0,965,601,985,640,20,39
dc1000_504.png,2943,1435,0,1632,927,1660,956,28,29
dc1000_504.png,2943,1435,0,2064,840,2097,884,33,44
dc1000_504.png,2943,1435,0,1844,695,1865,741,21,46
dc1000_262.png,2943,1435,0,1017,803,1093,857,76,54
dc1000_276.png,2943,1435,0,1597,946,1621,984,24,38
dc1000_276.png,2943,1435,0,1837,851,1872,915,35,64
dc1000_276.png,2943,1435,0,1942,849,1967,874,25,25
dc1000_276.png,2943,1435,0,1888,840,1901,862,13,22
dc1000_276.png,2943,1435,0,1032,830,1041,839,9,9
dc1000_276.png,2943,1435,0,847,747,891,795,44,48
dc1000_276.png,2943,1435,0,1838,673,1879,717,41,44
dc1000_276.png,2943,1435,0,1034,664,1046,688,12,24
dc1000_276.png,2943,1435,0,1846,651,1863,668,17,17
dc1000_276.png,2943,1435,0,1034,638,1044,647,10,9
dc1000_510.png,2943,1435,0,2043,712,2137,782,94,70
dc1000_510.png,2943,1435,0,1041,683,1059,712,18,29
dc1000_510.png,2943,1435,0,770,614,848,691,78,77
dc1000_510.png,2943,1435,0,2066,605,2156,692,90,87
dc1000_538.png,2943,1435,0,2010,867,2023,887,13,20
dc1000_538.png,2943,1435,0,1917,785,1923,795,6,10
dc1000_538.png,2943,1435,0,2028,741,2078,779,50,38
dental_radiography_0758_jpg.rf.28b925a268f6a50419e1597ae8d7e0be.jpg,512,256,0,164,136,181,189,17,53
opg_xray_187.jpg,1600,900,0,352,376,452,526,99,150
dental_radiography_0956_jpg.rf.a03e9983219119d4455e71600c9dce33.jpg,512,256,0,106,118,133,159,27,41
dc1000_935.png,2943,1435,0,1019,837,1048,863,29,26
dc1000_935.png,2943,1435,0,1728,826,1751,874,23,48
dc1000_935.png,2943,1435,0,704,594,816,700,112,106
dental_radiography_0120_jpg.rf.ff60464b44b406588898d3f183425ad0.jpg,512,256,0,328,120,352,154,24,34
dc1000_706.png,2943,1435,0,1156,932,1167,949,11,17
dc1000_706.png,2943,1435,0,1176,925,1192,949,16,24
dc1000_706.png,2943,1435,0,1050,915,1065,932,15,17
dc1000_706.png,2943,1435,0,1079,902,1143,965,64,63
dc1000_706.png,2943,1435,0,995,883,1009,903,14,20
dc1000_706.png,2943,1435,0,740,801,794,865,54,64
dental_radiography_0163_jpg.rf.9da3a40d8bb82c6077def7e3dc310a0b.jpg,512,256,0,340,69,376,136,36,67
opg_xray_144.jpg,651,328,0,457,181,514,264,56,83
opg_xray_144.jpg,651,328,0,175,198,227,261,52,63
opg_xray_144.jpg,651,328,0,176,129,216,202,39,72
opg_xray_144.jpg,651,328,0,147,122,178,192,32,70
opg_xray_144.jpg,651,328,0,527,164,584,227,57,63
opg_xray_144.jpg,651,328,0,489,175,552,247,63,72
opg_xray_150.jpg,1146,706,0,880,374,985,513,105,139
opg_xray_151.jpg,1075,491,0,699,212,763,299,64,88
opg_xray_151.jpg,1075,491,0,745,303,850,431,105,128
opg_xray_151.jpg,1075,491,0,223,293,305,417,82,124
dental_radiography_0974_jpg.rf.1106191cfb2fa2d640fa75593eeb8122.jpg,512,256,0,325,63,340,114,15,51
dc1000_934.png,2943,1435,0,978,884,986,897,8,13
dc1000_934.png,2943,1435,0,961,879,976,890,15,11
dc1000_934.png,2943,1435,0,1932,872,1976,901,44,29
dc1000_934.png,2943,1435,0,1020,769,1030,791,10,22
dc1000_934.png,2943,1435,0,1060,714,1070,773,10,59
dc1000_934.png,2943,1435,0,2039,667,2130,745,91,78
dental_radiography_0911_jpg.rf.3b738b304460ae0e53ebd910801e8445.jpg,512,256,0,221,120,239,183,18,63
dental_radiography_0911_jpg.rf.3b738b304460ae0e53ebd910801e8445.jpg,512,256,0,239,120,262,187,23,67
dental_radiography_0911_jpg.rf.3b738b304460ae0e53ebd910801e8445.jpg,512,256,0,127,62,161,115,34,53
dc1000_539.png,2949,1435,0,1990,879,2013,914,23,35
dc1000_539.png,2949,1435,0,1184,876,1202,904,18,28
dc1000_539.png,2949,1435,0,1230,872,1249,899,19,27
dc1000_539.png,2949,1435,0,949,859,962,879,13,20
dc1000_539.png,2949,1435,0,1897,858,1985,943,88,85
dc1000_539.png,2949,1435,0,963,845,969,852,6,7
dc1000_539.png,2949,1435,0,1186,830,1195,840,9,10
dc1000_539.png,2949,1435,0,1164,830,1171,839,7,9
dc1000_539.png,2949,1435,0,847,814,865,830,18,16
dc1000_539.png,2949,1435,0,975,796,992,821,17,25
dc1000_539.png,2949,1435,0,1985,676,2003,713,18,37
dental_radiography_0574_jpg.rf.5ea1866accba58be4247686772138322.jpg,512,256,0,150,125,179,174,29,49
dental_radiography_0574_jpg.rf.5ea1866accba58be4247686772138322.jpg,512,256,0,177,130,195,183,18,53
dental_radiography_0574_jpg.rf.5ea1866accba58be4247686772138322.jpg,512,256,0,181,61,197,113,16,52
dental_radiography_0574_jpg.rf.5ea1866accba58be4247686772138322.jpg,512,256,0,388,103,416,157,28,54
dental_radiography_0574_jpg.rf.5ea1866accba58be4247686772138322.jpg,512,256,0,369,58,386,91,17,33
dental_radiography_0574_jpg.rf.5ea1866accba58be4247686772138322.jpg,512,256,0,126,119,156,178,30,59
dental_radiography_0574_jpg.rf.5ea1866accba58be4247686772138322.jpg,512,256,0,314,62,329,94,15,32
dc1000_277.png,2943,1435,0,2072,918,2089,943,17,25
dc1000_277.png,2943,1435,0,1056,918,1062,927,6,9
dc1000_277.png,2943,1435,0,1401,916,1419,925,18,9
dc1000_277.png,2943,1435,0,2049,911,2071,946,22,35
dc1000_277.png,2943,1435,0,1069,901,1075,907,6,6
dc1000_277.png,2943,1435,0,872,883,892,930,20,47
dc1000_277.png,2943,1435,0,1370,779,1377,788,7,9
dc1000_277.png,2943,1435,0,1533,767,1543,779,10,12
dc1000_511.png,2943,1435,0,1946,930,1955,939,9,9
dc1000_511.png,2943,1435,0,1652,915,1671,944,19,29
dc1000_511.png,2943,1435,0,1877,900,1887,916,10,16
dc1000_511.png,2943,1435,0,1854,719,1867,760,13,41
dc1000_505.png,2943,1435,0,885,831,919,875,34,44
dc1000_505.png,2943,1435,0,1747,709,1757,725,10,16
dc1000_263.png,2943,1435,0,968,887,994,908,26,21
dc1000_263.png,2943,1435,0,1298,879,1307,889,9,10
dc1000_263.png,2943,1435,0,1971,848,1984,858,13,10
dc1000_263.png,2943,1435,0,2050,821,2100,905,50,84
dc1000_263.png,2943,1435,0,1431,777,1441,786,10,9
dc1000_263.png,2943,1435,0,1125,722,1165,787,40,65
dc1000_263.png,2943,1435,0,821,673,862,726,41,53
dc1000_288.png,2943,1435,0,1720,847,1731,861,11,14
dc1000_288.png,2943,1435,0,1085,835,1132,883,47,48
dc1000_288.png,2943,1435,0,1870,804,1879,809,9,5
dc1000_288.png,2943,1435,0,1855,801,1866,804,11,3
dc1000_288.png,2943,1435,0,1007,788,1019,802,12,14
dc1000_288.png,2943,1435,0,896,787,905,806,9,19
dc1000_288.png,2943,1435,0,1925,786,1933,795,8,9
dc1000_288.png,2943,1435,0,1936,781,1946,789,10,8
dc1000_288.png,2943,1435,0,1948,777,1963,788,15,11
dc1000_288.png,2943,1435,0,1522,750,1531,758,9,8
dc1000_288.png,2943,1435,0,1508,750,1517,760,9,10
dc1000_288.png,2943,1435,0,1034,706,1050,726,16,20
dc1000_288.png,2943,1435,0,1843,691,1875,726,32,35
dc1000_288.png,2943,1435,0,751,575,823,642,72,67
dc1000_459.png,2943,1435,0,923,814,933,821,10,7
dc1000_459.png,2943,1435,0,2003,795,2014,812,11,17
dc1000_459.png,2943,1435,0,1146,691,1183,767,37,76
dc1000_459.png,2943,1435,0,1766,677,1805,772,39,95
dc1000_459.png,2943,1435,0,1807,670,1832,705,25,35
dental_radiography_0768_jpg.rf.d44ff098dca65107ab4d68f453ce1471.jpg,512,256,0,393,93,427,155,34,62
dental_radiography_0768_jpg.rf.d44ff098dca65107ab4d68f453ce1471.jpg,512,256,0,96,44,120,101,24,57
dental_radiography_0768_jpg.rf.d44ff098dca65107ab4d68f453ce1471.jpg,512,256,0,118,36,142,94,24,58
dental_radiography_0768_jpg.rf.d44ff098dca65107ab4d68f453ce1471.jpg,512,256,0,375,38,398,98,23,60
dc1000_465.png,2943,1435,0,2025,888,2083,937,58,49
dc1000_471.png,2943,1435,0,1430,751,1471,766,41,15
dc1000_471.png,2943,1435,0,1489,749,1541,775,52,26
dc1000_471.png,2943,1435,0,1382,732,1403,752,21,20
dc1000_471.png,2943,1435,0,2027,617,2046,640,19,23
dc1000_471.png,2943,1435,0,2004,609,2018,628,14,19
opg_xray_66.jpg,978,496,0,687,207,738,300,51,93
dental_radiography_0603_jpg.rf.3578c6ef8b72f84749c3e1f552683eab.jpg,512,256,0,241,89,258,135,17,46
dental_radiography_0603_jpg.rf.3578c6ef8b72f84749c3e1f552683eab.jpg,512,256,0,258,91,276,136,18,45
dental_radiography_0603_jpg.rf.3578c6ef8b72f84749c3e1f552683eab.jpg,512,256,0,226,87,242,134,16,47
dental_radiography_0603_jpg.rf.3578c6ef8b72f84749c3e1f552683eab.jpg,512,256,0,159,140,189,180,30,40
opg_xray_72.jpg,1376,646,0,400,298,527,461,127,163
opg_xray_72.jpg,1376,646,0,920,206,1002,337,82,131
dc1000_883.png,2943,1435,0,1946,775,1956,782,10,7
dc1000_883.png,2943,1435,0,1018,672,1036,681,18,9
dc1000_883.png,2943,1435,0,997,667,1006,675,9,8
dc1000_883.png,2943,1435,0,1929,653,1956,664,27,11
dc1000_883.png,2943,1435,0,2093,649,2154,709,61,60
dc1000_883.png,2943,1435,0,1081,644,1105,680,24,36
dc1000_883.png,2943,1435,0,1939,625,1957,646,18,21
dc1000_129.png,2943,1435,0,1891,857,1895,863,4,6
dc1000_129.png,2943,1435,0,1965,855,1976,878,11,23
dc1000_129.png,2943,1435,0,784,500,848,572,64,72
dc1000_667.png,2943,1435,0,1653,956,1663,973,10,17
dc1000_667.png,2943,1435,0,1479,949,1489,965,10,16
dc1000_667.png,2943,1435,0,1023,914,1029,920,6,6
dc1000_667.png,2943,1435,0,871,893,882,912,11,19
dc1000_667.png,2943,1435,0,2049,871,2085,936,36,65
dc1000_667.png,2943,1435,0,967,865,1016,901,49,36
dc1000_667.png,2943,1435,0,1985,842,2000,867,15,25
dc1000_667.png,2943,1435,0,769,831,836,926,67,95
dc1000_667.png,2943,1435,0,2120,820,2154,893,34,73
dc1000_667.png,2943,1435,0,1452,760,1473,812,21,52
dc1000_667.png,2943,1435,0,913,686,931,705,18,19
dc1000_667.png,2943,1435,0,820,647,898,752,78,105
dc1000_667.png,2943,1435,0,802,640,828,687,26,47
dc1000_101.png,2943,1435,0,953,759,992,822,39,63
dc1000_101.png,2943,1435,0,1603,661,1617,688,14,27
dc1000_101.png,2943,1435,0,1132,637,1145,658,13,21
dc1000_101.png,2943,1435,0,1796,618,1821,644,25,26
dc1000_101.png,2943,1435,0,2008,581,2018,591,10,10
dental_radiography_0659_jpg.rf.59a1f87ff544c2c3a993523a46304364.jpg,512,256,0,195,113,207,145,12,32
dc1000_115.png,2943,1435,0,1837,892,1843,900,6,8
dc1000_115.png,2943,1435,0,1147,883,1154,892,7,9
dc1000_115.png,2943,1435,0,1936,859,1950,880,14,21
dc1000_115.png,2943,1435,0,1842,848,1928,892,86,44
dc1000_115.png,2943,1435,0,894,801,965,845,71,44
dc1000_115.png,2943,1435,0,1805,777,1814,787,9,10
dc1000_115.png,2943,1435,0,1163,737,1222,786,59,49
dc1000_115.png,2943,1435,0,860,709,875,729,15,20
dc1000_673.png,2943,1435,0,1847,824,1864,841,17,17
dc1000_673.png,2943,1435,0,1588,822,1609,847,21,25
dc1000_673.png,2943,1435,0,1829,821,1844,848,15,27
dc1000_673.png,2943,1435,0,1171,814,1194,848,23,34
dc1000_673.png,2943,1435,0,1945,791,1957,801,12,10
dc1000_673.png,2943,1435,0,1793,791,1834,827,41,36
dc1000_673.png,2943,1435,0,1063,781,1077,800,14,19
dc1000_673.png,2943,1435,0,1841,770,1856,779,15,9
dc1000_673.png,2943,1435,0,1878,764,1889,774,11,10
dc1000_673.png,2943,1435,0,1954,713,2036,796,82,83
dc1000_673.png,2943,1435,0,950,708,980,762,30,54
dc1000_673.png,2943,1435,0,1825,678,1838,694,13,16
dc1000_673.png,2943,1435,0,1730,654,1763,680,33,26
dc1000_673.png,2943,1435,0,1115,648,1122,666,7,18
dc1000_673.png,2943,1435,0,1156,627,1173,657,17,30
dc1000_673.png,2943,1435,0,1096,621,1106,643,10,22
dc1000_673.png,2943,1435,0,1723,606,1744,648,21,42
dc1000_673.png,2943,1435,0,970,605,1007,632,37,27
dc1000_698.png,2943,1435,0,1646,984,1657,993,11,9
dc1000_698.png,2943,1435,0,988,893,994,901,6,8
dc1000_698.png,2943,1435,0,1111,892,1123,907,12,15
dc1000_698.png,2943,1435,0,1939,870,1957,877,18,7
dc1000_698.png,2943,1435,0,1056,867,1098,902,42,35
dc1000_698.png,2943,1435,0,1842,860,1921,905,79,45
dc1000_698.png,2943,1435,0,1859,840,1886,871,27,31
dc1000_698.png,2943,1435,0,1753,737,1774,766,21,29
dc1000_698.png,2943,1435,0,1054,727,1067,746,13,19
dc1000_698.png,2943,1435,0,1909,723,1924,737,15,14
dc1000_698.png,2943,1435,0,1832,717,1842,729,10,12
dc1000_698.png,2943,1435,0,1772,704,1808,760,36,56
dc1000_698.png,2943,1435,0,1851,692,1885,756,34,64
dc1000_1092.png,2943,1435,0,1199,898,1217,922,18,24
dc1000_1092.png,2943,1435,0,1773,896,1787,913,14,17
dc1000_1092.png,2943,1435,0,1239,894,1253,912,14,18
dc1000_1092.png,2943,1435,0,1071,894,1080,907,9,13
dc1000_1092.png,2943,1435,0,980,869,1003,882,23,13
dc1000_1092.png,2943,1435,0,1709,866,1737,898,28,32
dc1000_1092.png,2943,1435,0,932,841,959,861,27,20
dc1000_1092.png,2943,1435,0,1120,750,1135,775,15,25
dc1000_1092.png,2943,1435,0,1109,750,1116,772,7,22
dc1000_1092.png,2943,1435,0,879,702,899,716,20,14
dc1000_1092.png,2943,1435,0,814,621,884,729,70,108
dental_radiography_0346_jpg.rf.6d397e731328ccbb7d7ab90441eebfe5.jpg,512,256,0,287,64,302,99,15,35
dental_radiography_0346_jpg.rf.6d397e731328ccbb7d7ab90441eebfe5.jpg,512,256,0,261,58,273,115,12,57
dc1000_1090.png,2943,1435,0,1375,879,1382,890,7,11
dc1000_1090.png,2943,1435,0,1439,849,1453,863,14,14
dc1000_1090.png,2943,1435,0,1417,848,1428,859,11,11
dc1000_1090.png,2943,1435,0,1035,766,1042,780,7,14
dc1000_1090.png,2943,1435,0,1084,754,1094,761,10,7
dc1000_1090.png,2943,1435,0,1023,733,1038,741,15,8
dc1000_1090.png,2943,1435,0,1457,707,1467,733,10,26
dc1000_1090.png,2943,1435,0,1554,654,1567,688,13,34
dc1000_1090.png,2943,1435,0,827,534,850,562,23,28
dc1000_1090.png,2943,1435,0,764,512,823,566,59,54
dental_radiography_0352_jpg.rf.dd9825dd0befffc74f8a5886049c2b2b.jpg,512,256,0,335,130,369,192,34,62
dental_radiography_0352_jpg.rf.dd9825dd0befffc74f8a5886049c2b2b.jpg,512,256,0,306,69,324,129,18,60
dental_radiography_0352_jpg.rf.dd9825dd0befffc74f8a5886049c2b2b.jpg,512,256,0,366,129,399,184,33,55
dc1000_842.png,2944,1435,0,2080,681,2175,780,95,99
dc1000_856.png,2943,1435,0,1818,882,1857,920,39,38
dc1000_856.png,2943,1435,0,1870,875,1892,906,22,31
dc1000_856.png,2943,1435,0,1979,861,1996,880,17,19
dc1000_856.png,2943,1435,0,2063,841,2071,856,8,15
dc1000_856.png,2943,1435,0,1485,802,1489,807,4,5
dc1000_856.png,2943,1435,0,978,800,1067,886,89,86
dc1000_856.png,2943,1435,0,1803,773,1829,791,26,18
dc1000_856.png,2943,1435,0,792,771,803,797,11,26
dc1000_856.png,2943,1435,0,1999,754,2007,760,8,6
dc1000_856.png,2943,1435,0,780,749,790,766,10,17
dc1000_856.png,2943,1435,0,2148,746,2250,861,102,115
dc1000_856.png,2943,1435,0,1137,730,1182,812,45,82
dc1000_856.png,2943,1435,0,745,643,794,696,49,53
dc1000_103.png,2943,1435,0,1616,938,1627,957,11,19
dc1000_103.png,2943,1435,0,1815,844,1876,890,61,46
dc1000_103.png,2943,1435,0,1982,830,1992,836,10,6
dc1000_103.png,2943,1435,0,1965,825,1976,835,11,10
dc1000_103.png,2943,1435,0,951,803,993,835,42,32
dc1000_103.png,2943,1435,0,2049,784,2072,807,23,23
dc1000_103.png,2943,1435,0,864,751,877,760,13,9
dc1000_103.png,2943,1435,0,1001,705,1015,712,14,7
dc1000_103.png,2943,1435,0,1050,669,1059,684,9,15
dc1000_103.png,2943,1435,0,1042,653,1057,659,15,6
dc1000_103.png,2943,1435,0,801,644,825,674,24,30
dental_radiography_0163_jpg.rf.fc6e324f529b3d1333b55cbf1a88b6ea.jpg,512,256,0,340,120,376,187,36,67
dc1000_665.png,2943,1435,0,1682,858,1696,869,14,11
dc1000_665.png,2943,1435,0,1603,851,1618,875,15,24
dc1000_665.png,2943,1435,0,1112,776,1121,794,9,18
dc1000_665.png,2943,1435,0,1102,737,1125,777,23,40
dc1000_665.png,2943,1435,0,859,730,868,744,9,14
dc1000_665.png,2943,1435,0,1942,725,1953,733,11,8
dc1000_665.png,2943,1435,0,940,714,952,724,12,10
dc1000_665.png,2943,1435,0,2017,706,2061,761,44,55
dc1000_665.png,2943,1435,0,833,699,849,726,16,27
dc1000_665.png,2943,1435,0,2053,687,2106,749,53,62
dc1000_665.png,2943,1435,0,1989,683,2000,691,11,8
dc1000_665.png,2943,1435,0,1205,681,1219,696,14,15
dc1000_665.png,2943,1435,0,1181,677,1201,688,20,11
dc1000_665.png,2943,1435,0,1206,651,1225,676,19,25
dc1000_665.png,2943,1435,0,1143,637,1156,666,13,29
dc1000_665.png,2943,1435,0,799,627,867,677,68,50
dc1000_665.png,2943,1435,0,2045,598,2081,619,36,21
dc1000_671.png,2943,1435,0,1520,894,1535,911,15,17
dc1000_671.png,2943,1435,0,1746,877,1768,909,22,32
dc1000_671.png,2943,1435,0,1755,859,1770,868,15,9
dc1000_671.png,2943,1435,0,1731,837,1748,864,17,27
dc1000_671.png,2943,1435,0,899,827,908,837,9,10
dc1000_671.png,2943,1435,0,1994,821,2026,854,32,33
dc1000_671.png,2943,1435,0,1957,780,1981,794,24,14
dc1000_671.png,2943,1435,0,956,728,964,734,8,6
dc1000_671.png,2943,1435,0,2008,645,2042,683,34,38
dc1000_671.png,2943,1435,0,990,634,1015,684,25,50
dc1000_117.png,2943,1435,0,1670,983,1678,993,8,10
dc1000_117.png,2943,1435,0,1061,904,1070,919,9,15
dc1000_117.png,2943,1435,0,1934,898,1946,916,12,18
dc1000_117.png,2943,1435,0,1163,896,1173,913,10,17
dc1000_117.png,2943,1435,0,1872,894,1879,903,7,9
dc1000_117.png,2943,1435,0,1141,878,1172,893,31,15
dc1000_117.png,2943,1435,0,1997,844,2008,850,11,6
dc1000_117.png,2943,1435,0,2063,825,2075,839,12,14
dental_radiography_0249_jpg.rf.5b54abe672fb6b47fa1399636d0d6aa0.jpg,512,256,0,348,85,371,131,23,46
dental_radiography_0308_jpg.rf.8ed4e3ef4af2ccafcaf99db78302f0a8.jpg,512,256,0,159,68,189,111,30,43
dental_radiography_0308_jpg.rf.8ed4e3ef4af2ccafcaf99db78302f0a8.jpg,512,256,0,198,114,213,153,15,39
dc1000_659.png,2943,1435,0,977,830,992,841,15,11
dc1000_659.png,2943,1435,0,1961,824,1971,833,10,9
dc1000_659.png,2943,1435,0,874,748,884,760,10,12
dc1000_659.png,2943,1435,0,1256,746,1272,777,16,31
dc1000_659.png,2943,1435,0,1242,733,1253,750,11,17
dc1000_659.png,2943,1435,0,1310,705,1323,743,13,38
dc1000_659.png,2943,1435,0,1095,701,1106,732,11,31
dc1000_659.png,2943,1435,0,1233,695,1249,727,16,32
dc1000_659.png,2943,1435,0,1961,692,1974,707,13,15
dc1000_659.png,2943,1435,0,1941,684,1958,703,17,19
dc1000_659.png,2943,1435,0,1942,662,1960,680,18,18
dc1000_659.png,2943,1435,0,907,634,938,697,31,63
dc1000_895.png,2943,1435,0,1776,779,1819,840,43,61
dc1000_895.png,2943,1435,0,1069,753,1077,760,8,7
dc1000_895.png,2943,1435,0,1137,653,1141,661,4,8
dc1000_895.png,2943,1435,0,1142,571,1187,704,45,133
dc1000_498.png,2943,1435,0,1153,918,1159,925,6,7
dc1000_498.png,2943,1435,0,1211,819,1219,843,8,24
dc1000_498.png,2943,1435,0,2172,646,2194,683,22,37
opg_xray_64.jpg,1554,1004,0,1123,637,1225,799,101,162
opg_xray_64.jpg,1554,1004,0,979,638,1089,845,109,207
opg_xray_64.jpg,1554,1004,0,579,474,673,681,94,207
opg_xray_64.jpg,1554,1004,0,960,488,1042,655,82,167
opg_xray_64.jpg,1554,1004,0,1041,649,1159,808,118,159
dc1000_467.png,2943,1435,0,1785,925,1803,941,18,16
dc1000_467.png,2943,1435,0,1947,873,1976,909,29,36
dc1000_473.png,2943,1435,0,1751,666,1781,692,30,26
opg_xray_225.jpg,1116,547,0,287,371,359,478,72,107
dental_radiography_0267_jpg.rf.efdea5f052db2a839712ea373345c2aa.jpg,512,256,0,349,65,375,106,26,41
dental_radiography_0009_jpg.rf.957a0a16c5101765b0679e95eb9619a3.jpg,512,256,0,126,138,163,187,37,49
dental_radiography_0009_jpg.rf.957a0a16c5101765b0679e95eb9619a3.jpg,512,256,0,151,143,189,195,38,52
dc1000_513.png,2943,1435,0,1171,871,1180,881,9,10
dc1000_513.png,2943,1435,0,840,706,854,719,14,13
dc1000_513.png,2943,1435,0,945,687,953,701,8,14
dc1000_275.png,2943,1435,0,1918,883,1921,892,3,9
dc1000_275.png,2943,1435,0,1749,880,1762,891,13,11
dc1000_275.png,2943,1435,0,1151,878,1175,907,24,29
dc1000_275.png,2943,1435,0,1112,873,1118,878,6,5
dc1000_275.png,2943,1435,0,1772,869,1804,900,32,31
dc1000_275.png,2943,1435,0,1817,860,1844,876,27,16
dc1000_275.png,2943,1435,0,1036,853,1043,859,7,6
dc1000_275.png,2943,1435,0,1045,852,1049,858,4,6
dc1000_275.png,2943,1435,0,909,847,923,855,14,8
dc1000_275.png,2943,1435,0,986,835,992,841,6,6
dc1000_275.png,2943,1435,0,983,810,993,829,10,19
dc1000_275.png,2943,1435,0,1171,765,1194,808,23,43
dc1000_275.png,2943,1435,0,1838,751,1857,768,19,17
dc1000_275.png,2943,1435,0,2064,656,2084,669,20,13
dc1000_275.png,2943,1435,0,2022,621,2044,645,22,24
dc1000_275.png,2943,1435,0,2029,606,2047,629,18,23
dc1000_275.png,2943,1435,0,819,594,899,671,80,77
dc1000_275.png,2943,1435,0,2045,583,2141,651,96,68
dental_radiography_0809_jpg.rf.74fd5a9718f2202705cf7bd51d966c4c.jpg,512,256,0,326,100,350,144,24,44
dc1000_261.png,2943,1435,0,1492,885,1501,900,9,15
dc1000_261.png,2943,1435,0,1462,884,1469,897,7,13
dc1000_261.png,2943,1435,0,1133,816,1143,832,10,16
dc1000_261.png,2943,1435,0,1113,815,1121,825,8,10
dc1000_261.png,2943,1435,0,1848,808,1868,827,20,19
dc1000_261.png,2943,1435,0,980,791,987,800,7,9
dc1000_261.png,2943,1435,0,2057,782,2068,796,11,14
dc1000_261.png,2943,1435,0,2068,758,2090,780,22,22
dc1000_261.png,2943,1435,0,876,739,898,765,22,26
dc1000_261.png,2943,1435,0,1773,728,1802,739,29,11
dc1000_261.png,2943,1435,0,851,719,878,756,27,37
dc1000_261.png,2943,1435,0,1743,667,1763,697,20,30
dc1000_261.png,2943,1435,0,1273,664,1274,665,1,1
dc1000_261.png,2943,1435,0,1220,641,1273,698,53,57
dc1000_261.png,2943,1435,0,1251,640,1252,641,1,1
dc1000_261.png,2943,1435,0,1970,631,1992,668,22,37
dc1000_261.png,2943,1435,0,1997,622,2013,640,16,18
dc1000_261.png,2943,1435,0,1022,620,1038,651,16,31
dc1000_507.png,2943,1435,0,1124,993,1135,1005,11,12
dc1000_507.png,2943,1435,0,1250,952,1278,978,28,26
dc1000_507.png,2943,1435,0,1635,941,1663,962,28,21
dc1000_507.png,2943,1435,0,1593,941,1626,971,33,30
dc1000_507.png,2943,1435,0,1881,927,1892,944,11,17
dc1000_507.png,2943,1435,0,1755,927,1780,965,25,38
dc1000_507.png,2943,1435,0,1842,920,1882,974,40,54
dc1000_507.png,2943,1435,0,1952,905,1963,914,11,9
dc1000_507.png,2943,1435,0,1256,820,1272,843,16,23
dc1000_507.png,2943,1435,0,1547,814,1562,826,15,12
dc1000_507.png,2943,1435,0,1792,795,1816,832,24,37
dc1000_507.png,2943,1435,0,825,790,855,811,30,21
dc1000_507.png,2943,1435,0,808,787,821,802,13,15
dc1000_507.png,2943,1435,0,1922,784,1928,790,6,6
dc1000_507.png,2943,1435,0,1739,784,1775,830,36,46
dc1000_507.png,2943,1435,0,744,735,773,774,29,39
dc1000_249.png,2943,1435,0,1120,918,1146,947,26,29
dc1000_249.png,2943,1435,0,1851,722,1873,761,22,39
dc1000_249.png,2943,1435,0,1960,671,1971,690,11,19
dental_radiography_0194_jpg.rf.8c8e80765c51b70bd10aa987c6799bba.jpg,512,256,0,177,152,193,188,16,36
opg_xray_147.jpg,887,450,0,225,182,280,269,55,88
opg_xray_147.jpg,887,450,0,338,293,382,381,43,88
opg_xray_147.jpg,887,450,0,579,274,664,371,85,96
opg_xray_146.jpg,1048,494,0,250,79,317,226,67,147
opg_xray_146.jpg,1048,494,0,202,103,269,212,66,109
dental_radiography_0392_jpg.rf.55e6aa8f9ce327a7abead14f456dfdc5.jpg,512,256,0,303,150,318,177,15,27
dental_radiography_0392_jpg.rf.55e6aa8f9ce327a7abead14f456dfdc5.jpg,512,256,0,155,99,181,127,26,28
dental_radiography_0392_jpg.rf.55e6aa8f9ce327a7abead14f456dfdc5.jpg,512,256,0,175,102,198,120,23,18
dc1000_710.png,2943,1435,0,1804,892,1828,913,24,21
dc1000_710.png,2943,1435,0,1095,878,1108,885,13,7
dc1000_710.png,2943,1435,0,1754,866,1802,915,48,49
dc1000_710.png,2943,1435,0,1860,863,1868,892,8,29
dc1000_710.png,2943,1435,0,1947,800,2045,873,98,73
dc1000_710.png,2943,1435,0,2027,798,2052,812,25,14
dc1000_710.png,2943,1435,0,2055,763,2109,812,54,49
dc1000_710.png,2943,1435,0,2099,656,2195,725,96,69
dc1000_710.png,2943,1435,0,971,656,1011,738,40,82
dc1000_248.png,2943,1435,0,1148,828,1156,837,8,9
dc1000_248.png,2943,1435,0,916,759,984,803,68,44
dental_radiography_0012_jpg.rf.4b11c696273493e2cbf801072ae9633a.jpg,512,256,0,137,75,162,104,25,29
dental_radiography_0012_jpg.rf.4b11c696273493e2cbf801072ae9633a.jpg,512,256,0,150,69,171,95,21,26
dental_radiography_0012_jpg.rf.4b11c696273493e2cbf801072ae9633a.jpg,512,256,0,168,65,185,95,17,30
dental_radiography_0012_jpg.rf.4b11c696273493e2cbf801072ae9633a.jpg,512,256,0,184,63,200,92,16,29
dental_radiography_0012_jpg.rf.4b11c696273493e2cbf801072ae9633a.jpg,512,256,0,199,60,222,92,23,32
dc1000_260.png,2943,1435,0,1233,796,1238,804,5,8
dc1000_260.png,2943,1435,0,1114,762,1150,800,36,38
dc1000_260.png,2943,1435,0,2020,709,2037,730,17,21
dc1000_260.png,2943,1435,0,1898,520,1920,539,22,19
dc1000_260.png,2943,1435,0,2044,499,2116,558,72,59
dc1000_506.png,2943,1435,0,1754,983,1770,1016,16,33
dc1000_506.png,2943,1435,0,1025,889,1035,899,10,10
dc1000_506.png,2943,1435,0,1958,876,1964,883,6,7
dc1000_506.png,2943,1435,0,804,860,833,911,29,51
dc1000_506.png,2943,1435,0,1171,740,1189,784,18,44
dc1000_512.png,2943,1435,0,1891,925,1905,944,14,19
dc1000_512.png,2943,1435,0,1946,900,1975,922,29,22
dc1000_512.png,2943,1435,0,1717,786,1773,805,56,19
dc1000_512.png,2943,1435,0,1957,776,1967,813,10,37
dc1000_512.png,2943,1435,0,1167,774,1182,783,15,9
dc1000_512.png,2943,1435,0,1188,770,1235,782,47,12
dc1000_512.png,2943,1435,0,1970,768,2004,811,34,43
dc1000_512.png,2943,1435,0,1964,764,1968,770,4,6
dental_radiography_0052_jpg.rf.5b00148f5fb6c876780ff852de6d2bce.jpg,512,256,0,359,105,390,135,31,30
dental_radiography_0052_jpg.rf.5b00148f5fb6c876780ff852de6d2bce.jpg,512,256,0,338,133,369,190,31,57
dental_radiography_0052_jpg.rf.5b00148f5fb6c876780ff852de6d2bce.jpg,512,256,0,90,101,128,147,38,46
dc1000_274.png,2943,1435,0,1181,911,1200,925,19,14
dc1000_274.png,2943,1435,0,1782,885,1810,899,28,14
dc1000_274.png,2943,1435,0,2069,878,2076,886,7,8
dc1000_274.png,2943,1435,0,791,798,870,873,79,75
dc1000_274.png,2943,1435,0,1958,747,1966,760,8,13
dc1000_274.png,2943,1435,0,2066,725,2073,740,7,15
dental_radiography_0125_jpg.rf.8585fb810e48565e1921f49d7454ac44.jpg,512,256,0,137,60,163,92,26,32
dental_radiography_0512_jpg.rf.b14401c8c9c27ef66c28bb0808e00127.jpg,512,256,0,122,58,159,103,37,45
dental_radiography_0512_jpg.rf.b14401c8c9c27ef66c28bb0808e00127.jpg,512,256,0,198,111,217,162,19,51
dental_radiography_0512_jpg.rf.b14401c8c9c27ef66c28bb0808e00127.jpg,512,256,0,293,108,313,160,20,52
opg_xray_230.jpg,1767,883,0,1264,184,1402,425,138,241
dc1000_472.png,2943,1435,0,1074,858,1120,902,46,44
dc1000_472.png,2943,1435,0,1576,846,1592,864,16,18
dc1000_472.png,2943,1435,0,1971,825,1980,835,9,10
dc1000_472.png,2943,1435,0,1790,824,1841,877,51,53
dc1000_472.png,2943,1435,0,2010,791,2057,829,47,38
dc1000_472.png,2943,1435,0,1534,773,1540,800,6,27
dc1000_472.png,2943,1435,0,1145,751,1177,779,32,28
dc1000_472.png,2943,1435,0,1417,737,1448,786,31,49
dc1000_472.png,2943,1435,0,1499,730,1531,780,32,50
dc1000_472.png,2943,1435,0,1843,681,1859,706,16,25
dc1000_472.png,2943,1435,0,794,652,835,729,41,77
dc1000_466.png,2943,1435,0,1961,915,1990,935,29,20
dc1000_466.png,2943,1435,0,1787,898,1805,923,18,25
dc1000_466.png,2943,1435,0,1010,891,1069,924,59,33
dc1000_466.png,2943,1435,0,1069,889,1131,932,62,43
dc1000_466.png,2943,1435,0,2063,885,2072,894,9,9
dc1000_466.png,2943,1435,0,1819,875,1908,936,89,61
dc1000_466.png,2943,1435,0,1962,870,1994,910,32,40
dc1000_466.png,2943,1435,0,1867,858,1905,890,38,32
dc1000_466.png,2943,1435,0,877,840,1022,963,145,123
dc1000_466.png,2943,1435,0,2028,837,2063,875,35,38
dc1000_466.png,2943,1435,0,1370,801,1377,814,7,13
dc1000_466.png,2943,1435,0,1384,799,1388,805,4,6
dc1000_466.png,2943,1435,0,1198,778,1216,789,18,11
dc1000_466.png,2943,1435,0,1679,764,1702,793,23,29
dc1000_466.png,2943,1435,0,1716,753,1756,790,40,37
dc1000_466.png,2943,1435,0,847,733,878,754,31,21
dc1000_466.png,2943,1435,0,2094,720,2114,737,20,17
opg_xray_218.jpg,1005,599,0,250,369,332,492,83,123
dc1000_300.png,2943,1435,0,1982,609,1992,629,10,20
opg_xray_71.jpg,1298,561,0,332,278,438,426,105,148
dc1000_499.png,2943,1435,0,1349,845,1362,862,13,17
dc1000_499.png,2943,1435,0,2081,822,2099,834,18,12
dc1000_499.png,2943,1435,0,1223,815,1228,821,5,6
dc1000_499.png,2943,1435,0,1029,778,1067,816,38,38
dc1000_499.png,2943,1435,0,897,743,912,767,15,24
dc1000_499.png,2943,1435,0,1873,642,1879,652,6,10
dc1000_499.png,2943,1435,0,1882,638,1900,657,18,19
dc1000_499.png,2943,1435,0,1892,619,1904,632,12,13
opg_xray_65.jpg,1134,524,0,864,249,976,345,112,96
opg_xray_65.jpg,1134,524,0,210,260,299,340,89,80
opg_xray_59.jpg,923,463,0,648,274,719,372,71,98
dc1000_658.png,2943,1435,0,1743,1033,1757,1051,14,18
dc1000_658.png,2943,1435,0,1112,910,1170,967,58,57
dc1000_658.png,2943,1435,0,1050,908,1064,923,14,15
dc1000_658.png,2943,1435,0,1070,898,1121,964,51,66
dc1000_658.png,2943,1435,0,1918,888,1996,942,78,54
dc1000_658.png,2943,1435,0,818,843,858,873,40,30
dc1000_658.png,2943,1435,0,1951,828,1963,844,12,16
dc1000_658.png,2943,1435,0,854,824,989,972,135,148
dc1000_658.png,2943,1435,0,1893,816,1909,826,16,10
dc1000_658.png,2943,1435,0,1906,802,1935,817,29,15
dc1000_658.png,2943,1435,0,1057,780,1088,816,31,36
dc1000_658.png,2943,1435,0,2043,766,2071,787,28,21
dc1000_658.png,2943,1435,0,1100,765,1111,794,11,29
dc1000_658.png,2943,1435,0,1216,757,1236,798,20,41
dc1000_658.png,2943,1435,0,1086,737,1105,761,19,24
dc1000_670.png,2943,1435,0,1245,895,1250,903,5,8
dc1000_670.png,2943,1435,0,1225,894,1233,906,8,12
dc1000_670.png,2943,1435,0,1814,873,1842,907,28,34
dc1000_670.png,2943,1435,0,1058,864,1071,878,13,14
dc1000_670.png,2943,1435,0,1102,861,1174,904,72,43
dc1000_670.png,2943,1435,0,1170,858,1190,884,20,26
dc1000_670.png,2943,1435,0,1018,848,1041,875,23,27
dc1000_670.png,2943,1435,0,1134,826,1164,839,30,13
dc1000_670.png,2943,1435,0,1095,821,1121,839,26,18
dc1000_670.png,2943,1435,0,1780,820,1820,845,40,25
dc1000_670.png,2943,1435,0,1831,813,1853,823,22,10
dc1000_670.png,2943,1435,0,887,812,895,830,8,18
dc1000_670.png,2943,1435,0,1754,778,1765,790,11,12
dc1000_670.png,2943,1435,0,1722,750,1733,769,11,19
dc1000_670.png,2943,1435,0,1052,667,1067,706,15,39
dc1000_116.png,2943,1435,0,1304,930,1312,938,8,8
dc1000_116.png,2943,1435,0,1056,873,1091,895,35,22
dc1000_116.png,2943,1435,0,883,845,923,923,40,78
dc1000_116.png,2943,1435,0,1930,792,2053,892,123,100
dc1000_102.png,2943,1435,0,1694,892,1701,900,7,8
dc1000_102.png,2943,1435,0,2111,651,2135,676,24,25
dc1000_102.png,2943,1435,0,1852,613,1870,653,18,40
dc1000_102.png,2943,1435,0,1961,602,1970,612,9,10
dc1000_102.png,2943,1435,0,986,591,1008,609,22,18
dc1000_102.png,2943,1435,0,936,514,960,564,24,50
dc1000_102.png,2943,1435,0,853,455,912,535,59,80
dc1000_664.png,2943,1435,0,1644,978,1655,997,11,19
dc1000_664.png,2943,1435,0,1275,769,1281,789,6,20
dc1000_664.png,2943,1435,0,1049,766,1073,811,24,45
dc1000_664.png,2943,1435,0,1980,751,1995,786,15,35
dc1000_664.png,2943,1435,0,946,743,966,782,20,39
dc1000_664.png,2943,1435,0,2122,709,2177,752,55,43
dc1000_857.png,2943,1435,0,1987,914,2005,925,18,11
dc1000_857.png,2943,1435,0,1757,684,1783,734,26,50
dc1000_857.png,2943,1435,0,2073,656,2112,698,39,42
dental_radiography_0666_jpg.rf.bd372e00d4a9cef3e2d9604a8bec8100.jpg,512,256,0,271,112,288,160,17,48
dc1000_1091.png,2943,1435,0,2068,860,2115,913,47,53
dc1000_1091.png,2943,1435,0,2028,850,2045,879,17,29
dc1000_1091.png,2943,1435,0,1587,755,1592,762,5,7
dental_radiography_0328_jpg.rf.f69c579b68e9e0c0e6990d813920820f.jpg,512,256,0,282,68,301,120,19,52
dc1000_648.png,2943,1435,0,1223,886,1239,904,16,18
dc1000_648.png,2943,1435,0,1363,876,1381,916,18,40
dc1000_648.png,2943,1435,0,1614,869,1633,894,19,25
dc1000_648.png,2943,1435,0,1299,867,1314,895,15,28
dc1000_648.png,2943,1435,0,1545,843,1563,886,18,43
dc1000_648.png,2943,1435,0,1650,821,1682,854,32,33
dc1000_648.png,2943,1435,0,1501,684,1530,734,29,50
dc1000_648.png,2943,1435,0,1594,663,1604,677,10,14
dc1000_648.png,2943,1435,0,1738,650,1756,682,18,32
dc1000_648.png,2943,1435,0,1507,649,1527,677,20,28
dc1000_648.png,2943,1435,0,1595,641,1607,652,12,11
dc1000_648.png,2943,1435,0,1842,640,1862,665,20,25
dc1000_648.png,2943,1435,0,1971,622,1981,637,10,15
dc1000_660.png,2943,1435,0,1743,877,1779,938,36,61
dc1000_660.png,2943,1435,0,1903,845,1934,883,31,38
dc1000_660.png,2943,1435,0,1950,839,1957,842,7,3
dc1000_660.png,2943,1435,0,995,833,1002,836,7,3
dc1000_660.png,2943,1435,0,2031,831,2039,839,8,8
dc1000_660.png,2943,1435,0,1023,824,1109,878,86,54
dc1000_660.png,2943,1435,0,1962,814,1977,839,15,25
dc1000_660.png,2943,1435,0,1008,808,1017,834,9,26
dc1000_660.png,2943,1435,0,821,740,840,757,19,17
dc1000_660.png,2943,1435,0,909,694,912,696,3,2
dc1000_660.png,2943,1435,0,913,682,934,693,21,11
dc1000_660.png,2943,1435,0,2101,646,2134,702,33,56
dc1000_106.png,2943,1435,0,1886,862,1960,927,74,65
dc1000_106.png,2943,1435,0,1944,857,1956,866,12,9
dc1000_106.png,2943,1435,0,1060,832,1138,888,78,56
dc1000_106.png,2943,1435,0,1334,817,1352,851,18,34
dc1000_106.png,2943,1435,0,1402,803,1437,860,35,57
dc1000_106.png,2943,1435,0,920,781,987,832,67,51
dc1000_106.png,2943,1435,0,1182,768,1191,785,9,17
dc1000_106.png,2943,1435,0,2063,763,2082,785,19,22
dc1000_106.png,2943,1435,0,1887,763,1926,779,39,16
dc1000_106.png,2943,1435,0,1960,676,1982,701,22,25
dc1000_112.png,2943,1435,0,1379,962,1386,975,7,13
dc1000_112.png,2943,1435,0,1825,902,1857,916,32,14
dc1000_112.png,2943,1435,0,1547,843,1565,854,18,11
dc1000_112.png,2943,1435,0,941,808,996,865,55,57
dc1000_112.png,2943,1435,0,1371,807,1378,817,7,10
dc1000_112.png,2943,1435,0,1422,804,1448,861,26,57
dc1000_112.png,2943,1435,0,1448,797,1471,855,23,58
dc1000_112.png,2943,1435,0,1825,728,1835,747,10,19
dc1000_112.png,2943,1435,0,1989,700,2033,746,44,46
dc1000_112.png,2943,1435,0,847,662,857,670,10,8
dc1000_1042.png,2943,1435,0,1166,875,1185,890,19,15
dc1000_1042.png,2943,1435,0,844,850,862,874,18,24
dc1000_1042.png,2943,1435,0,1102,846,1158,920,56,74
dc1000_1042.png,2943,1435,0,919,826,928,832,9,6
dc1000_1042.png,2943,1435,0,1360,758,1371,770,11,12
dc1000_1042.png,2943,1435,0,1076,741,1096,767,20,26
dc1000_1042.png,2943,1435,0,872,733,893,750,21,17
dc1000_1042.png,2943,1435,0,1187,726,1218,777,31,51
dc1000_1042.png,2943,1435,0,955,709,962,726,7,17
dc1000_1042.png,2943,1435,0,2049,677,2086,708,37,31
dc1000_1042.png,2943,1435,0,855,677,879,708,24,31
dc1000_674.png,2943,1435,0,1324,968,1336,988,12,20
dc1000_674.png,2943,1435,0,1247,940,1261,961,14,21
dc1000_674.png,2943,1435,0,1261,933,1281,974,20,41
dc1000_674.png,2943,1435,0,1083,895,1138,932,55,37
dc1000_674.png,2943,1435,0,1154,872,1162,880,8,8
dc1000_674.png,2943,1435,0,1196,868,1207,888,11,20
dc1000_674.png,2943,1435,0,1830,866,1837,874,7,8
dc1000_674.png,2943,1435,0,941,827,1002,867,61,40
dc1000_674.png,2943,1435,0,927,807,943,828,16,21
dc1000_674.png,2943,1435,0,1193,738,1201,747,8,9
dc1000_674.png,2943,1435,0,1155,728,1170,744,15,16
dc1000_674.png,2943,1435,0,915,670,936,701,21,31
dc1000_674.png,2943,1435,0,1867,669,1877,685,10,16
dc1000_674.png,2943,1435,0,1119,650,1128,662,9,12
dc1000_674.png,2943,1435,0,1038,644,1050,667,12,23
dc1000_674.png,2943,1435,0,1783,635,1795,653,12,18
dc1000_674.png,2943,1435,0,1876,624,1889,660,13,36
dc1000_674.png,2943,1435,0,2138,598,2168,622,30,24
dc1000_674.png,2943,1435,0,2193,567,2223,586,30,19
opg_xray_61.jpg,1590,831,0,1182,173,1263,341,81,168
dc1000_489.png,2943,1435,0,1185,932,1193,942,8,10
dc1000_489.png,2943,1435,0,1098,919,1121,929,23,10
dc1000_489.png,2943,1435,0,1843,913,1860,933,17,20
dc1000_489.png,2943,1435,0,1071,913,1082,921,11,8
dc1000_489.png,2943,1435,0,1200,908,1211,926,11,18
dc1000_489.png,2943,1435,0,1002,902,1003,903,1,1
dc1000_489.png,2943,1435,0,1060,900,1072,908,12,8
dc1000_489.png,2943,1435,0,1165,899,1178,912,13,13
dc1000_489.png,2943,1435,0,1128,892,1136,899,8,7
dc1000_489.png,2943,1435,0,1155,891,1164,899,9,8
dc1000_489.png,2943,1435,0,967,891,1001,906,34,15
dc1000_489.png,2943,1435,0,994,874,1037,899,43,25
dc1000_489.png,2943,1435,0,1371,821,1384,834,13,13
dc1000_489.png,2943,1435,0,2041,649,2052,657,11,8
dc1000_489.png,2943,1435,0,2055,624,2093,668,38,44
opg_xray_220.jpg,947,466,0,696,147,764,255,68,108
opg_xray_220.jpg,947,466,0,739,142,813,226,74,84
opg_xray_220.jpg,947,466,0,197,154,245,246,48,92
opg_xray_220.jpg,947,466,0,141,125,206,221,65,96
opg_xray_220.jpg,947,466,0,693,278,768,379,75,101
dc1000_462.png,2943,1435,0,1236,904,1244,912,8,8
dc1000_462.png,2943,1435,0,1220,904,1233,911,13,7
dc1000_462.png,2943,1435,0,1677,887,1723,943,46,56
dc1000_462.png,2943,1435,0,2011,821,2023,831,12,10
dc1000_462.png,2943,1435,0,931,815,939,824,8,9
dc1000_462.png,2943,1435,0,989,720,1039,792,50,72
dc1000_462.png,2943,1435,0,1871,697,1884,711,13,14
dc1000_462.png,2943,1435,0,2074,672,2093,698,19,26
dc1000_462.png,2943,1435,0,2095,667,2116,677,21,10
dc1000_476.png,2943,1435,0,1647,866,1655,880,8,14
dc1000_476.png,2943,1435,0,1202,857,1213,873,11,16
dc1000_476.png,2943,1435,0,1139,847,1164,884,25,37
dc1000_476.png,2943,1435,0,1774,846,1800,871,26,25
dc1000_476.png,2943,1435,0,1814,842,1823,848,9,6
dc1000_476.png,2943,1435,0,1699,842,1721,868,22,26
dc1000_476.png,2943,1435,0,1103,834,1121,870,18,36
dc1000_476.png,2943,1435,0,1824,827,1883,845,59,18
dc1000_476.png,2943,1435,0,1003,810,1016,827,13,17
dc1000_476.png,2943,1435,0,1893,795,1907,819,14,24
dc1000_476.png,2943,1435,0,1949,774,2017,803,68,29
dc1000_476.png,2943,1435,0,1094,712,1157,753,63,41
dc1000_476.png,2943,1435,0,1740,699,1775,745,35,46
dc1000_476.png,2943,1435,0,1787,691,1820,729,33,38
dc1000_476.png,2943,1435,0,1826,687,1867,735,41,48
dc1000_476.png,2943,1435,0,1011,687,1043,744,32,57
dc1000_476.png,2943,1435,0,1980,650,1992,676,12,26
dc1000_476.png,2943,1435,0,2053,597,2110,658,57,61
dc1000_310.png,2943,1435,0,2036,886,2088,942,52,56
dc1000_310.png,2943,1435,0,1919,765,1937,782,18,17
dc1000_310.png,2943,1435,0,958,742,967,750,9,8
dc1000_310.png,2943,1435,0,851,733,860,749,9,16
dc1000_310.png,2943,1435,0,2047,729,2057,753,10,24
dc1000_310.png,2943,1435,0,820,717,840,756,20,39
dental_radiography_0308_jpg.rf.39bfefbd46345a3821ecb4c7a60ec85d.jpg,512,256,0,323,68,353,111,30,43
dental_radiography_0308_jpg.rf.39bfefbd46345a3821ecb4c7a60ec85d.jpg,512,256,0,299,114,314,153,15,39
dental_radiography_0400_jpg.rf.a6b1f6ab8fa5be020dbb72193dcd4208.jpg,512,256,0,172,92,191,134,19,42
dental_radiography_0400_jpg.rf.a6b1f6ab8fa5be020dbb72193dcd4208.jpg,512,256,0,127,139,159,181,32,42
dental_radiography_0400_jpg.rf.a6b1f6ab8fa5be020dbb72193dcd4208.jpg,512,256,0,361,142,399,185,38,43
dental_radiography_0400_jpg.rf.a6b1f6ab8fa5be020dbb72193dcd4208.jpg,512,256,0,221,152,247,196,26,44
dc1000_258.png,2943,1435,0,1058,874,1062,877,4,3
dc1000_258.png,2943,1435,0,1154,828,1197,843,43,15
dc1000_258.png,2943,1435,0,2019,796,2041,846,22,50
dc1000_258.png,2943,1435,0,819,588,871,667,52,79
dc1000_270.png,2943,1435,0,1089,912,1100,921,11,9
dc1000_270.png,2943,1435,0,2057,809,2065,816,8,7
dc1000_270.png,2943,1435,0,1638,784,1650,800,12,16
dc1000_270.png,2943,1435,0,1468,755,1487,787,19,32
dc1000_270.png,2943,1435,0,1148,726,1185,777,37,51
dc1000_516.png,2943,1435,0,1694,848,1708,869,14,21
dc1000_516.png,2943,1435,0,2002,778,2034,833,32,55
dc1000_516.png,2943,1435,0,1851,767,1886,788,35,21
dc1000_516.png,2943,1435,0,940,767,989,867,49,100
dc1000_516.png,2943,1435,0,1839,760,1867,777,28,17
dc1000_516.png,2943,1435,0,937,627,949,642,12,15
dc1000_516.png,2943,1435,0,1136,620,1141,631,5,11
dc1000_516.png,2943,1435,0,1865,616,1879,629,14,13
dc1000_516.png,2943,1435,0,2056,577,2069,595,13,18
dc1000_502.png,2949,1435,0,1798,638,1806,656,8,18
dc1000_502.png,2949,1435,0,1040,609,1054,621,14,12
dc1000_264.png,2943,1435,0,1840,828,1863,846,23,18
dc1000_264.png,2943,1435,0,1042,818,1052,829,10,11
dc1000_264.png,2943,1435,0,905,805,915,816,10,11
dc1000_264.png,2943,1435,0,1191,670,1208,705,17,35
dc1000_264.png,2943,1435,0,2159,662,2179,676,20,14
dc1000_264.png,2943,1435,0,1974,653,1982,666,8,13
dc1000_264.png,2943,1435,0,720,633,733,650,13,17
dc1000_264.png,2943,1435,0,2108,617,2190,676,82,59
dc1000_264.png,2943,1435,0,727,586,804,657,77,71
dental_radiography_0242_jpg.rf.8bf46debb096940d320959ed5bd73734.jpg,512,256,0,373,110,397,152,24,42
opg_xray_142.jpg,788,402,0,208,200,290,309,82,109
dc1000_714.png,2943,1435,0,1888,928,1907,959,19,31
dc1000_714.png,2943,1435,0,1808,922,1840,934,32,12
dc1000_714.png,2943,1435,0,1840,820,1848,833,8,13
dc1000_714.png,2943,1435,0,900,812,906,814,6,2
dc1000_714.png,2943,1435,0,913,810,914,811,1,1
dc1000_714.png,2943,1435,0,1044,798,1087,842,43,44
dc1000_714.png,2943,1435,0,1617,782,1637,815,20,33
dc1000_714.png,2943,1435,0,1961,774,1976,799,15,25
dc1000_714.png,2943,1435,0,850,758,863,790,13,32
dc1000_714.png,2943,1435,0,871,726,916,815,45,89
dental_radiography_0675_jpg.rf.1711c3279e1efd0569486699732b500c.jpg,512,256,0,228,80,247,122,19,42
dc1000_700.png,2943,1435,0,1014,878,1092,940,78,62
dc1000_700.png,2943,1435,0,1081,761,1088,766,7,5
dc1000_700.png,2943,1435,0,1742,745,1755,765,13,20
dc1000_700.png,2943,1435,0,1663,745,1681,776,18,31
dc1000_700.png,2943,1435,0,2020,723,2037,740,17,17
dc1000_700.png,2943,1435,0,1929,702,1955,735,26,33
dc1000_700.png,2943,1435,0,1952,700,1970,721,18,21
dental_radiography_0118_jpg.rf.e7295214c195d69f605efc5a53b025eb.jpg,512,256,0,281,105,296,142,15,37
dc1000_715.png,2943,1435,0,1594,977,1618,987,24,10
dc1000_715.png,2943,1435,0,1826,949,1837,956,11,7
dc1000_715.png,2943,1435,0,1879,947,1889,956,10,9
dc1000_715.png,2943,1435,0,1791,938,1810,965,19,27
dc1000_715.png,2943,1435,0,1636,919,1653,935,17,16
dc1000_715.png,2943,1435,0,922,873,1009,936,87,63
dc1000_715.png,2943,1435,0,2024,719,2034,735,10,16
dc1000_715.png,2943,1435,0,2059,711,2134,763,75,52
opg_xray_143.jpg,864,475,0,628,235,681,291,53,56
opg_xray_143.jpg,864,475,0,579,235,636,303,57,68
dental_radiography_0925_jpg.rf.0c67cfcbfab96eab732765b2bf3c22ba.jpg,512,256,0,307,141,318,171,11,30
dental_radiography_0925_jpg.rf.0c67cfcbfab96eab732765b2bf3c22ba.jpg,512,256,0,288,139,308,176,20,37
dental_radiography_0925_jpg.rf.0c67cfcbfab96eab732765b2bf3c22ba.jpg,512,256,0,223,146,241,177,18,31
dental_radiography_0925_jpg.rf.0c67cfcbfab96eab732765b2bf3c22ba.jpg,512,256,0,193,85,204,113,11,28
dental_radiography_0925_jpg.rf.0c67cfcbfab96eab732765b2bf3c22ba.jpg,512,256,0,340,82,352,103,12,21
dental_radiography_0925_jpg.rf.0c67cfcbfab96eab732765b2bf3c22ba.jpg,512,256,0,328,82,341,105,13,23
dental_radiography_0925_jpg.rf.0c67cfcbfab96eab732765b2bf3c22ba.jpg,512,256,0,308,78,323,109,15,31
dental_radiography_0925_jpg.rf.0c67cfcbfab96eab732765b2bf3c22ba.jpg,512,256,0,273,142,288,174,15,32
dc1000_503.png,2943,1435,0,1607,861,1622,890,15,29
dc1000_503.png,2943,1435,0,1588,860,1604,887,16,27
dc1000_503.png,2943,1435,0,1901,793,1911,812,10,19
dc1000_503.png,2943,1435,0,1065,641,1071,649,6,8
dc1000_503.png,2943,1435,0,1855,616,1872,640,17,24
dc1000_503.png,2943,1435,0,1066,613,1088,633,22,20
dc1000_503.png,2943,1435,0,1090,592,1099,603,9,11
dc1000_265.png,2943,1435,0,1863,865,1873,884,10,19
dc1000_265.png,2943,1435,0,1807,844,1815,851,8,7
dc1000_265.png,2943,1435,0,962,822,1020,880,58,58
dc1000_265.png,2943,1435,0,1967,815,2020,863,53,48
dc1000_265.png,2943,1435,0,1397,781,1410,818,13,37
dc1000_265.png,2943,1435,0,1416,778,1431,825,15,47
dc1000_265.png,2943,1435,0,1585,765,1600,795,15,30
dc1000_265.png,2943,1435,0,1161,748,1187,781,26,33
dc1000_265.png,2943,1435,0,1042,747,1051,756,9,9
dc1000_265.png,2943,1435,0,1117,745,1133,774,16,29
dc1000_265.png,2943,1435,0,1081,730,1106,771,25,41
dc1000_265.png,2943,1435,0,2119,647,2191,714,72,67
dc1000_265.png,2943,1435,0,2106,642,2116,655,10,13
dc1000_271.png,2943,1435,0,1298,971,1308,990,10,19
dc1000_271.png,2943,1435,0,1164,889,1178,912,14,23
dc1000_271.png,2943,1435,0,875,855,887,872,12,17
dc1000_271.png,2943,1435,0,2045,849,2075,906,30,57
dc1000_271.png,2943,1435,0,943,693,953,707,10,14
dc1000_517.png,2943,1435,0,1635,783,1658,812,23,29
dc1000_517.png,2943,1435,0,1308,774,1314,790,6,16
dc1000_517.png,2943,1435,0,1656,759,1669,777,13,18
dc1000_517.png,2943,1435,0,1633,755,1655,779,22,24
dc1000_517.png,2943,1435,0,1295,753,1305,764,10,11
dc1000_517.png,2943,1435,0,1561,739,1575,769,14,30
dc1000_517.png,2943,1435,0,1771,697,1786,709,15,12
dc1000_517.png,2943,1435,0,1175,680,1195,711,20,31
dc1000_517.png,2943,1435,0,809,622,907,685,98,63
dc1000_517.png,2943,1435,0,1617,575,1634,609,17,34
dc1000_517.png,2943,1435,0,1272,565,1285,582,13,17
dc1000_517.png,2943,1435,0,1208,557,1217,577,9,20
dc1000_517.png,2943,1435,0,1979,529,2076,599,97,70
dc1000_517.png,2943,1435,0,1225,529,1267,602,42,73
dc1000_517.png,2943,1435,0,1134,518,1139,525,5,7
dc1000_517.png,2943,1435,0,1126,503,1137,515,11,12
dc1000_517.png,2943,1435,0,1718,497,1772,564,54,67
dc1000_259.png,2943,1435,0,1589,891,1603,911,14,20
dc1000_259.png,2943,1435,0,1211,890,1221,905,10,15
dc1000_259.png,2943,1435,0,1043,881,1053,894,10,13
dc1000_259.png,2943,1435,0,1569,879,1585,898,16,19
dc1000_259.png,2943,1435,0,1855,878,1867,890,12,12
dc1000_259.png,2943,1435,0,1226,870,1239,892,13,22
dc1000_259.png,2943,1435,0,1154,860,1187,903,33,43
dc1000_259.png,2943,1435,0,1143,856,1155,871,12,15
dc1000_259.png,2943,1435,0,968,830,977,837,9,7
dc1000_259.png,2943,1435,0,897,778,928,829,31,51
dc1000_259.png,2943,1435,0,1952,774,1994,822,42,48
dc1000_259.png,2943,1435,0,1417,752,1438,766,21,14
dc1000_259.png,2943,1435,0,1104,696,1117,726,13,30
dc1000_259.png,2943,1435,0,1095,651,1105,691,10,40
dc1000_259.png,2943,1435,0,988,621,995,639,7,18
dental_radiography_0942_jpg.rf.30a1ca2535227dcafb877f865f94f4ca.jpg,512,256,0,339,76,385,133,46,57
dental_radiography_0942_jpg.rf.30a1ca2535227dcafb877f865f94f4ca.jpg,512,256,0,171,134,183,176,12,42
dental_radiography_0033_jpg.rf.f7965451e112e0f39de9a67dbadfa766.jpg,512,256,0,281,168,294,208,13,40
dental_radiography_0033_jpg.rf.f7965451e112e0f39de9a67dbadfa766.jpg,512,256,0,315,159,328,195,13,36
opg_xray_209.jpg,1111,581,0,288,291,360,392,72,101
opg_xray_209.jpg,1111,581,0,339,284,411,384,72,101
opg_xray_209.jpg,1111,581,0,728,271,781,388,53,118
dc1000_477.png,2943,1435,0,1784,954,1856,1004,72,50
dc1000_477.png,2943,1435,0,1223,948,1242,967,19,19
dc1000_477.png,2943,1435,0,1021,940,1036,952,15,12
dc1000_477.png,2943,1435,0,992,917,1006,937,14,20
dc1000_477.png,2943,1435,0,1981,908,1999,925,18,17
dc1000_477.png,2943,1435,0,1111,896,1149,957,38,61
dc1000_477.png,2943,1435,0,1935,888,1976,944,41,56
dc1000_477.png,2943,1435,0,2071,860,2082,872,11,12
dc1000_477.png,2943,1435,0,2081,836,2103,861,22,25
dc1000_477.png,2943,1435,0,1365,833,1379,869,14,36
dc1000_477.png,2943,1435,0,1546,820,1562,861,16,41
dc1000_477.png,2943,1435,0,2137,786,2172,814,35,28
dc1000_477.png,2943,1435,0,1139,784,1162,808,23,24
dc1000_477.png,2943,1435,0,1085,772,1125,809,40,37
dc1000_477.png,2943,1435,0,1074,768,1093,807,19,39
dc1000_463.png,2943,1435,0,1197,968,1244,994,47,26
dc1000_463.png,2943,1435,0,1166,955,1194,976,28,21
dc1000_463.png,2943,1435,0,939,905,954,927,15,22
dc1000_463.png,2943,1435,0,1793,892,1898,954,105,62
dc1000_463.png,2943,1435,0,1178,892,1206,945,28,53
dc1000_463.png,2943,1435,0,1743,727,1753,743,10,16
dc1000_463.png,2943,1435,0,1033,715,1076,786,43,71
dc1000_463.png,2943,1435,0,850,672,867,695,17,23
dc1000_463.png,2943,1435,0,2050,641,2078,693,28,52
dc1000_463.png,2943,1435,0,2129,637,2148,659,19,22
opg_xray_221.jpg,1126,655,0,188,354,291,488,103,134
dental_radiography_0485_jpg.rf.09576812fc790cab5da2f6a5ceafe25f.jpg,512,256,0,219,89,241,145,22,56
dental_radiography_0485_jpg.rf.09576812fc790cab5da2f6a5ceafe25f.jpg,512,256,0,220,149,239,198,19,49
dc1000_488.png,2943,1435,0,1719,928,1728,936,9,8
dc1000_488.png,2943,1435,0,1745,915,1770,944,25,29
dc1000_488.png,2943,1435,0,1721,906,1729,913,8,7
dc1000_488.png,2943,1435,0,1729,905,1744,937,15,32
dc1000_488.png,2943,1435,0,1972,859,2006,916,34,57
dc1000_113.png,2943,1435,0,1652,960,1662,985,10,25
dc1000_113.png,2943,1435,0,1248,950,1268,975,20,25
dc1000_113.png,2943,1435,0,839,835,852,849,13,14
dc1000_113.png,2943,1435,0,1802,761,1809,768,7,7
dc1000_113.png,2943,1435,0,1777,761,1791,781,14,20
dc1000_113.png,2943,1435,0,1810,750,1826,770,16,20
dc1000_113.png,2943,1435,0,820,665,854,711,34,46
dc1000_113.png,2943,1435,0,2181,617,2238,691,57,74
dc1000_675.png,2943,1435,0,1893,841,1904,857,11,16
dc1000_675.png,2943,1435,0,2052,816,2066,833,14,17
dc1000_675.png,2943,1435,0,2016,806,2027,835,11,29
dc1000_675.png,2943,1435,0,2143,769,2154,789,11,20
dc1000_675.png,2943,1435,0,2075,734,2080,742,5,8
dc1000_675.png,2943,1435,0,1030,714,1037,725,7,11
dc1000_675.png,2943,1435,0,1622,676,1631,704,9,28
dc1000_675.png,2943,1435,0,1693,674,1703,689,10,15
dc1000_675.png,2943,1435,0,902,668,916,695,14,27
dc1000_675.png,2943,1435,0,1843,661,1863,704,20,43
dc1000_675.png,2943,1435,0,932,622,971,708,39,86
dc1000_675.png,2943,1435,0,1619,604,1634,653,15,49
dc1000_675.png,2943,1435,0,1887,594,1945,678,58,84
dc1000_661.png,2943,1435,0,1627,876,1643,907,16,31
dc1000_661.png,2943,1435,0,1685,872,1708,903,23,31
dc1000_661.png,2943,1435,0,1692,828,1705,842,13,14
dc1000_661.png,2943,1435,0,1457,728,1466,750,9,22
dc1000_661.png,2943,1435,0,889,692,895,713,6,21
dc1000_661.png,2943,1435,0,1018,674,1040,708,22,34
dc1000_661.png,2943,1435,0,904,659,918,684,14,25
dc1000_661.png,2943,1435,0,1093,644,1109,685,16,41
dc1000_661.png,2943,1435,0,1597,628,1612,654,15,26
dc1000_661.png,2943,1435,0,1903,627,1928,667,25,40
dc1000_661.png,2943,1435,0,1099,626,1116,669,17,43
dc1000_661.png,2943,1435,0,1940,624,1952,638,12,14
dc1000_661.png,2943,1435,0,1352,623,1364,657,12,34
dc1000_661.png,2943,1435,0,1901,603,1912,623,11,20
dc1000_107.png,2943,1435,0,1540,939,1553,967,13,28
dc1000_107.png,2943,1435,0,1526,938,1539,970,13,32
dc1000_107.png,2943,1435,0,1920,920,1926,927,6,7
dc1000_107.png,2943,1435,0,1944,916,1959,929,15,13
dc1000_107.png,2943,1435,0,1085,801,1098,820,13,19
dental_radiography_0066_jpg.rf.ef19ffd9d9e9ee6a94b1ce84598a0393.jpg,512,256,0,365,118,399,177,34,59
dc1000_649.png,2943,1435,0,1651,877,1675,917,24,40
dc1000_649.png,2943,1435,0,1392,876,1404,902,12,26
dc1000_649.png,2943,1435,0,1682,872,1701,907,19,35
dc1000_649.png,2943,1435,0,1241,832,1279,876,38,44
dc1000_649.png,2943,1435,0,914,774,925,788,11,14
dc1000_649.png,2943,1435,0,2085,752,2108,781,23,29
dc1000_649.png,2943,1435,0,1996,752,2055,830,59,78
dc1000_649.png,2943,1435,0,1280,694,1300,713,20,19
dc1000_649.png,2943,1435,0,1353,693,1368,714,15,21
dc1000_649.png,2943,1435,0,1598,650,1625,728,27,78
dc1000_885.png,2943,1435,0,2009,789,2047,848,38,59
dc1000_885.png,2943,1435,0,878,639,886,666,8,27
dc1000_1080.png,2943,1435,0,906,800,920,844,14,44
dc1000_1080.png,2943,1435,0,2019,771,2081,844,62,73
dental_radiography_0266_jpg.rf.d2cc38bf7a1457bff27c16b207909504.jpg,512,256,0,367,104,396,157,29,53
dental_radiography_0266_jpg.rf.d2cc38bf7a1457bff27c16b207909504.jpg,512,256,0,342,119,369,161,27,42
dental_radiography_0266_jpg.rf.d2cc38bf7a1457bff27c16b207909504.jpg,512,256,0,311,116,328,171,17,55
dental_radiography_0266_jpg.rf.d2cc38bf7a1457bff27c16b207909504.jpg,512,256,0,295,115,311,173,16,58
dental_radiography_0266_jpg.rf.d2cc38bf7a1457bff27c16b207909504.jpg,512,256,0,350,75,375,101,25,26
dental_radiography_0266_jpg.rf.d2cc38bf7a1457bff27c16b207909504.jpg,512,256,0,388,73,403,102,15,29
dc1000_688.png,2943,1435,0,1635,906,1651,940,16,34
dc1000_688.png,2943,1435,0,1267,906,1279,920,12,14
dc1000_688.png,2943,1435,0,1406,900,1416,922,10,22
dc1000_688.png,2943,1435,0,1351,898,1363,925,12,27
dc1000_688.png,2943,1435,0,1285,882,1291,889,6,7
dc1000_688.png,2943,1435,0,1947,777,1977,812,30,35
dc1000_688.png,2943,1435,0,1068,771,1073,779,5,8
dc1000_688.png,2943,1435,0,1070,762,1077,769,7,7
dc1000_688.png,2943,1435,0,860,743,884,788,24,45
dc1000_688.png,2943,1435,0,2106,732,2114,737,8,5
dc1000_688.png,2943,1435,0,851,729,863,737,12,8
dc1000_688.png,2943,1435,0,1483,680,1501,717,18,37
dc1000_688.png,2943,1435,0,1233,679,1241,698,8,19
dc1000_688.png,2943,1435,0,1065,638,1072,647,7,9
dc1000_688.png,2943,1435,0,1048,599,1069,632,21,33
dental_radiography_0081_jpg.rf.b8e53bd80056c633065450a6800872b2.jpg,512,256,0,124,136,158,179,34,43
dental_radiography_0081_jpg.rf.b8e53bd80056c633065450a6800872b2.jpg,512,256,0,356,140,387,174,31,34
dc1000_1096.png,2943,1435,0,1081,751,1095,761,14,10
dc1000_1096.png,2943,1435,0,736,561,827,655,91,94
dental_radiography_0226_jpg.rf.47020584758fe234df43cc5f6d57420a.jpg,512,256,0,160,141,184,186,24,45
dc1000_139.png,2943,1435,0,1243,733,1258,748,15,15
dc1000_139.png,2943,1435,0,1904,718,1915,733,11,15
dc1000_139.png,2943,1435,0,1742,696,1788,759,46,63
dc1000_139.png,2943,1435,0,1447,581,1487,664,40,83
dc1000_139.png,2943,1435,0,2045,449,2062,470,17,21
dc1000_677.png,2943,1435,0,977,958,984,967,7,9
dc1000_677.png,2943,1435,0,986,956,993,963,7,7
dc1000_677.png,2943,1435,0,1219,952,1235,962,16,10
dc1000_677.png,2943,1435,0,1789,948,1813,971,24,23
dc1000_677.png,2943,1435,0,992,944,1004,953,12,9
dc1000_677.png,2943,1435,0,1248,936,1253,951,5,15
dc1000_677.png,2943,1435,0,1857,933,1876,947,19,14
dc1000_677.png,2943,1435,0,1147,931,1158,961,11,30
dc1000_677.png,2943,1435,0,996,903,1036,932,40,29
dc1000_677.png,2943,1435,0,1531,832,1539,840,8,8
dc1000_677.png,2943,1435,0,1589,815,1609,848,20,33
dc1000_677.png,2943,1435,0,1882,761,1892,778,10,17
dc1000_677.png,2943,1435,0,1046,743,1053,762,7,19
dc1000_677.png,2943,1435,0,1957,719,1987,748,30,29
dc1000_677.png,2943,1435,0,1992,715,2000,723,8,8
dc1000_111.png,2943,1435,0,1480,1015,1492,1039,12,24
dc1000_111.png,2943,1435,0,1226,1008,1232,1014,6,6
dc1000_111.png,2943,1435,0,1873,998,1894,1013,21,15
dc1000_111.png,2943,1435,0,1317,985,1326,1006,9,21
dc1000_111.png,2943,1435,0,1974,971,1987,981,13,10
dc1000_111.png,2943,1435,0,1910,965,1943,1000,33,35
dc1000_111.png,2943,1435,0,1927,922,1962,953,35,31
dc1000_111.png,2943,1435,0,1919,905,1935,931,16,26
dc1000_111.png,2943,1435,0,1077,901,1087,912,10,11
dc1000_111.png,2943,1435,0,2081,882,2099,907,18,25
dc1000_111.png,2943,1435,0,873,872,891,902,18,30
dc1000_111.png,2943,1435,0,887,871,909,903,22,32
dc1000_111.png,2943,1435,0,1460,757,1479,792,19,35
dc1000_111.png,2943,1435,0,1951,729,1966,753,15,24
dc1000_111.png,2943,1435,0,1004,694,1018,716,14,22
dc1000_105.png,2943,1435,0,1012,944,1027,960,15,16
dc1000_105.png,2943,1435,0,1396,856,1429,878,33,22
dc1000_105.png,2943,1435,0,2002,780,2015,787,13,7
dc1000_663.png,2943,1435,0,1728,967,1738,987,10,20
dc1000_663.png,2943,1435,0,1753,960,1780,987,27,27
dc1000_663.png,2943,1435,0,1628,934,1645,961,17,27
dc1000_663.png,2943,1435,0,830,882,846,902,16,20
dc1000_663.png,2943,1435,0,846,873,868,929,22,56
dc1000_663.png,2943,1435,0,801,866,815,909,14,43
dc1000_663.png,2943,1435,0,1999,828,2022,850,23,22
dc1000_663.png,2943,1435,0,2027,812,2073,891,46,79
dc1000_663.png,2943,1435,0,1480,754,1535,792,55,38
dc1000_663.png,2943,1435,0,1413,747,1464,780,51,33
dc1000_663.png,2943,1435,0,1141,738,1151,755,10,17
dc1000_663.png,2943,1435,0,1981,666,1994,690,13,24
dc1000_663.png,2943,1435,0,771,661,880,748,109,87
dc1000_663.png,2943,1435,0,2084,615,2179,707,95,92
dental_radiography_0510_jpg.rf.30c7c3de457ed7d08c8913526206519e.jpg,512,256,0,367,87,412,142,45,55
dental_radiography_0510_jpg.rf.30c7c3de457ed7d08c8913526206519e.jpg,512,256,0,171,75,191,125,20,50
opg_xray_62.jpg,1437,727,0,1055,232,1131,346,76,114
dental_radiography_0144_jpg.rf.729757d2566b80315ced40ed976f043d.jpg,512,256,0,145,58,171,93,26,35
dental_radiography_0144_jpg.rf.729757d2566b80315ced40ed976f043d.jpg,512,256,0,303,44,343,87,40,43
dc1000_449.png,2943,1435,0,1766,951,1774,957,8,6
dc1000_449.png,2943,1435,0,1068,944,1077,954,9,10
dc1000_449.png,2943,1435,0,1056,930,1064,942,8,12
dc1000_449.png,2943,1435,0,1572,862,1580,867,8,5
dc1000_449.png,2943,1435,0,1538,859,1547,872,9,13
dc1000_449.png,2943,1435,0,1713,855,1720,864,7,9
dc1000_449.png,2943,1435,0,1088,798,1099,804,11,6
dc1000_449.png,2943,1435,0,1860,781,1884,804,24,23
dc1000_449.png,2943,1435,0,1891,777,1917,827,26,50
dc1000_449.png,2943,1435,0,963,775,981,788,18,13
dc1000_449.png,2943,1435,0,1962,771,1977,784,15,13
dc1000_449.png,2943,1435,0,1975,767,1984,776,9,9
dc1000_449.png,2943,1435,0,955,734,964,747,9,13
dc1000_449.png,2943,1435,0,857,694,882,730,25,36
opg_xray_223.jpg,1155,584,0,288,278,371,402,82,124
dc1000_475.png,2943,1435,0,1710,902,1728,914,18,12
dc1000_475.png,2943,1435,0,1425,887,1445,898,20,11
dc1000_475.png,2943,1435,0,1101,877,1133,907,32,30
dc1000_475.png,2943,1435,0,1775,874,1826,912,51,38
dc1000_475.png,2943,1435,0,1374,864,1387,879,13,15
dc1000_475.png,2943,1435,0,1845,851,1890,875,45,24
dc1000_475.png,2943,1435,0,1031,851,1068,874,37,23
dc1000_475.png,2943,1435,0,1153,780,1182,822,29,42
dc1000_475.png,2943,1435,0,1805,776,1862,831,57,55
dc1000_475.png,2943,1435,0,1072,776,1114,801,42,25
dc1000_475.png,2943,1435,0,1927,742,1938,756,11,14
dc1000_461.png,2943,1435,0,1866,797,1875,821,9,24
dc1000_461.png,2943,1435,0,1800,776,1816,796,16,20
dc1000_461.png,2943,1435,0,900,776,917,788,17,12
dc1000_461.png,2943,1435,0,927,771,946,785,19,14
dc1000_461.png,2943,1435,0,1023,761,1031,778,8,17
dc1000_461.png,2943,1435,0,1837,607,1842,616,5,9
dc1000_461.png,2943,1435,0,1948,589,2005,662,57,73
dc1000_298.png,2943,1435,0,1995,811,2043,851,48,40
dc1000_298.png,2943,1435,0,1099,729,1122,749,23,20
dc1000_298.png,2943,1435,0,1702,673,1766,779,64,106
dc1000_298.png,2943,1435,0,1971,662,2016,721,45,59
dc1000_298.png,2943,1435,0,1841,659,1906,737,65,78
dc1000_298.png,2943,1435,0,1822,659,1839,696,17,37
dc1000_529.png,2943,1435,0,976,793,991,807,15,14
dc1000_529.png,2943,1435,0,2146,621,2218,672,72,51
dc1000_267.png,2943,1435,0,1270,928,1283,950,13,22
dc1000_267.png,2943,1435,0,766,754,801,793,35,39
dc1000_267.png,2943,1435,0,967,730,989,752,22,22
dc1000_267.png,2943,1435,0,1192,724,1210,751,18,27
dc1000_267.png,2943,1435,0,945,680,952,689,7,9
dc1000_501.png,2943,1435,0,1933,816,1946,848,13,32
dc1000_501.png,2943,1435,0,1052,806,1060,817,8,11
dc1000_501.png,2943,1435,0,827,583,852,619,25,36
dc1000_515.png,2943,1435,0,1636,932,1649,948,13,16
dc1000_515.png,2943,1435,0,1069,875,1096,883,27,8
dc1000_515.png,2943,1435,0,1884,866,1896,880,12,14
dc1000_515.png,2943,1435,0,1767,853,1785,862,18,9
dc1000_515.png,2943,1435,0,1878,842,1890,859,12,17
dc1000_515.png,2943,1435,0,1883,820,1905,840,22,20
dc1000_515.png,2943,1435,0,1144,747,1152,761,8,14
dc1000_515.png,2943,1435,0,1779,701,1794,725,15,24
dc1000_515.png,2943,1435,0,1776,683,1783,691,7,8
dc1000_515.png,2943,1435,0,1057,680,1076,733,19,53
dc1000_273.png,2943,1435,0,984,762,994,790,10,28
dc1000_273.png,2943,1435,0,1011,758,1087,816,76,58
dc1000_273.png,2943,1435,0,1854,741,1970,779,116,38
dc1000_273.png,2943,1435,0,1919,642,1940,652,21,10
opg_xray_182.jpg,1554,808,0,543,240,646,410,104,170
dental_radiography_0058_jpg.rf.792d1ba8e3ffbb5f97ae217b6ac1ad35.jpg,512,256,0,288,61,309,122,21,61
dental_radiography_0058_jpg.rf.792d1ba8e3ffbb5f97ae217b6ac1ad35.jpg,512,256,0,323,54,347,110,24,56
opg_xray_141.jpg,899,439,0,187,209,252,314,65,104
dental_radiography_0617_jpg.rf.bbcd86b6387215a385318b45c70b271c.jpg,512,256,0,215,113,230,154,15,41
dental_radiography_0617_jpg.rf.bbcd86b6387215a385318b45c70b271c.jpg,512,256,0,196,117,207,154,11,37
dental_radiography_0617_jpg.rf.bbcd86b6387215a385318b45c70b271c.jpg,512,256,0,301,165,334,205,33,40
dental_radiography_0617_jpg.rf.bbcd86b6387215a385318b45c70b271c.jpg,512,256,0,288,162,300,203,12,41
dental_radiography_0617_jpg.rf.bbcd86b6387215a385318b45c70b271c.jpg,512,256,0,277,159,289,200,12,41
dental_radiography_0617_jpg.rf.bbcd86b6387215a385318b45c70b271c.jpg,512,256,0,179,163,204,186,25,23
dental_radiography_0617_jpg.rf.bbcd86b6387215a385318b45c70b271c.jpg,512,256,0,158,115,173,142,15,27
dental_radiography_0617_jpg.rf.bbcd86b6387215a385318b45c70b271c.jpg,512,256,0,279,117,289,146,10,29
dental_radiography_0617_jpg.rf.bbcd86b6387215a385318b45c70b271c.jpg,512,256,0,230,114,240,149,10,35
dental_radiography_0617_jpg.rf.bbcd86b6387215a385318b45c70b271c.jpg,512,256,0,223,161,235,194,12,33
dental_radiography_0617_jpg.rf.bbcd86b6387215a385318b45c70b271c.jpg,512,256,0,211,158,227,193,16,35
dental_radiography_0907_jpg.rf.3504f3a6d01fadf17752762a1eb35364.jpg,512,256,0,211,151,223,197,12,46
opg_xray_155.jpg,1107,503,0,367,234,444,362,77,128
dental_radiography_0639_jpg.rf.3285b61e8666856937bac53219c6fbe0.jpg,512,256,0,88,100,122,144,34,44
dc1000_717.png,2943,1435,0,1382,858,1392,871,10,13
dc1000_717.png,2943,1435,0,1072,740,1088,752,16,12
dc1000_717.png,2943,1435,0,1945,736,1950,741,5,5
dc1000_717.png,2943,1435,0,1024,730,1031,741,7,11
dc1000_717.png,2943,1435,0,1948,726,1959,742,11,16
dc1000_717.png,2943,1435,0,2008,722,2019,734,11,12
dc1000_717.png,2943,1435,0,1469,697,1480,720,11,23
dc1000_717.png,2943,1435,0,1076,581,1080,594,4,13
dc1000_717.png,2943,1435,0,2125,526,2140,536,15,10
dc1000_717.png,2943,1435,0,2148,525,2167,547,19,22
dc1000_717.png,2943,1435,0,2151,510,2158,521,7,11
dc1000_717.png,2943,1435,0,2159,507,2170,519,11,12
dc1000_717.png,2943,1435,0,728,462,817,539,89,77
dc1000_702.png,2943,1435,0,1578,930,1598,951,20,21
dc1000_702.png,2943,1435,0,1147,890,1156,917,9,27
dc1000_702.png,2943,1435,0,892,826,904,839,12,13
dc1000_702.png,2943,1435,0,1424,818,1444,873,20,55
dc1000_702.png,2943,1435,0,1879,798,1952,853,73,55
dc1000_702.png,2943,1435,0,1915,638,1926,659,11,21
opg_xray_154.jpg,1088,452,0,246,208,304,328,58,119
opg_xray_154.jpg,1088,452,0,791,226,871,335,80,108
opg_xray_154.jpg,1088,452,0,386,96,433,208,47,113
dental_radiography_0997_jpg.rf.0b8eb321c8d305e59a0fee63c5d88097.jpg,512,256,0,339,94,361,128,22,34
dental_radiography_0461_jpg.rf.10ced48f962050dfcda6447bf4d9d79d.jpg,512,256,0,180,157,198,175,18,18
dental_radiography_0461_jpg.rf.10ced48f962050dfcda6447bf4d9d79d.jpg,512,256,0,336,138,357,161,21,23
dental_radiography_0461_jpg.rf.10ced48f962050dfcda6447bf4d9d79d.jpg,512,256,0,314,145,346,171,32,26
dental_radiography_0461_jpg.rf.10ced48f962050dfcda6447bf4d9d79d.jpg,512,256,0,316,72,342,124,26,52
dental_radiography_0461_jpg.rf.10ced48f962050dfcda6447bf4d9d79d.jpg,512,256,0,195,144,218,195,23,51
dental_radiography_0012_jpg.rf.72a1e0ed221d11e2ce6867b15281591c.jpg,512,256,0,350,152,375,181,25,29
dental_radiography_0012_jpg.rf.72a1e0ed221d11e2ce6867b15281591c.jpg,512,256,0,341,161,362,187,21,26
dental_radiography_0012_jpg.rf.72a1e0ed221d11e2ce6867b15281591c.jpg,512,256,0,327,161,344,191,17,30
dental_radiography_0012_jpg.rf.72a1e0ed221d11e2ce6867b15281591c.jpg,512,256,0,312,164,328,193,16,29
dental_radiography_0012_jpg.rf.72a1e0ed221d11e2ce6867b15281591c.jpg,512,256,0,290,164,313,196,23,32
dc1000_925.png,2943,1435,0,1953,761,2067,832,114,71
dc1000_514.png,2943,1435,0,1059,871,1089,887,30,16
dc1000_514.png,2943,1435,0,1777,858,1788,872,11,14
dc1000_514.png,2943,1435,0,1752,854,1787,893,35,39
dc1000_514.png,2943,1435,0,1826,841,1837,847,11,6
dc1000_514.png,2943,1435,0,1787,838,1802,872,15,34
dc1000_514.png,2943,1435,0,938,813,953,821,15,8
dc1000_514.png,2943,1435,0,858,794,930,901,72,107
dc1000_514.png,2943,1435,0,944,668,957,688,13,20
dc1000_514.png,2943,1435,0,1036,662,1054,677,18,15
dc1000_272.png,2943,1435,0,1582,1035,1592,1050,10,15
dc1000_272.png,2943,1435,0,1239,971,1257,990,18,19
dc1000_272.png,2943,1435,0,875,918,901,958,26,40
dc1000_272.png,2943,1435,0,836,881,848,903,12,22
dc1000_272.png,2943,1435,0,928,874,937,882,9,8
dc1000_266.png,2943,1435,0,1733,634,1761,655,28,21
dc1000_266.png,2943,1435,0,719,550,767,601,48,51
dc1000_500.png,2943,1435,0,1051,843,1062,849,11,6
dc1000_500.png,2943,1435,0,1425,737,1457,794,32,57
dc1000_500.png,2943,1435,0,1476,732,1486,757,10,25
dc1000_500.png,2943,1435,0,1638,720,1645,727,7,7
dc1000_500.png,2943,1435,0,1945,691,2002,731,57,40
dc1000_500.png,2943,1435,0,745,622,763,634,18,12
dc1000_528.png,2943,1435,0,1635,933,1658,970,23,37
dc1000_528.png,2943,1435,0,993,916,1005,926,12,10
dc1000_528.png,2943,1435,0,1946,912,1958,936,12,24
dc1000_528.png,2943,1435,0,1924,874,1949,906,25,32
dc1000_528.png,2943,1435,0,852,873,886,943,34,70
dc1000_528.png,2943,1435,0,2083,871,2105,923,22,52
dc1000_528.png,2943,1435,0,2108,816,2217,930,109,114
dc1000_528.png,2943,1435,0,1011,750,1029,779,18,29
dc1000_528.png,2943,1435,0,918,745,927,757,9,12
dc1000_528.png,2943,1435,0,1861,731,1876,766,15,35
dc1000_528.png,2943,1435,0,2020,730,2031,745,11,15
dc1000_528.png,2943,1435,0,1880,729,1908,780,28,51
dc1000_528.png,2943,1435,0,1005,729,1016,746,11,17
dental_radiography_0781_jpg.rf.9661e664972783a61174b1c6a1dd82c1.jpg,512,256,0,307,104,325,129,18,25
dental_radiography_0781_jpg.rf.9661e664972783a61174b1c6a1dd82c1.jpg,512,256,0,295,99,309,137,14,38
dental_radiography_0781_jpg.rf.9661e664972783a61174b1c6a1dd82c1.jpg,512,256,0,204,158,217,178,13,20
dc1000_299.png,2943,1435,0,1868,897,1878,909,10,12
dc1000_299.png,2943,1435,0,1792,870,1821,917,29,47
dc1000_299.png,2943,1435,0,1834,865,1868,902,34,37
dc1000_299.png,2943,1435,0,1114,860,1133,872,19,12
dc1000_299.png,2943,1435,0,1928,838,1943,851,15,13
dc1000_299.png,2943,1435,0,1025,829,1036,839,11,10
dc1000_299.png,2943,1435,0,873,601,933,668,60,67
dc1000_460.png,2943,1435,0,1426,786,1439,796,13,10
dc1000_460.png,2943,1435,0,823,674,847,710,24,36
dc1000_306.png,2943,1435,0,1952,906,2014,974,62,68
dc1000_306.png,2943,1435,0,1270,850,1276,855,6,5
dc1000_306.png,2943,1435,0,1099,765,1109,783,10,18
dc1000_474.png,2943,1435,0,1096,953,1138,975,42,22
dc1000_474.png,2943,1435,0,1859,913,1874,930,15,17
dc1000_474.png,2943,1435,0,1973,862,2021,901,48,39
dc1000_474.png,2943,1435,0,1968,841,1995,871,27,30
dc1000_474.png,2943,1435,0,2018,773,2033,794,15,21
dc1000_474.png,2943,1435,0,1936,728,1950,746,14,18
dc1000_474.png,2943,1435,0,1960,725,1968,736,8,11
opg_xray_222.jpg,1172,692,0,723,275,777,415,54,140
dc1000_448.png,2943,1435,0,1795,673,1898,732,103,59
dc1000_448.png,2943,1435,0,931,629,998,701,67,72
dental_radiography_0256_jpg.rf.d9c4f2e94ef26baed162c5e3e0feab03.jpg,512,256,0,144,145,169,178,25,33
dental_radiography_0256_jpg.rf.d9c4f2e94ef26baed162c5e3e0feab03.jpg,512,256,0,120,81,158,128,38,47
dental_radiography_0256_jpg.rf.d9c4f2e94ef26baed162c5e3e0feab03.jpg,512,256,0,100,101,135,143,35,42
dental_radiography_0256_jpg.rf.d9c4f2e94ef26baed162c5e3e0feab03.jpg,512,256,0,388,142,401,176,13,34
dental_radiography_0256_jpg.rf.d9c4f2e94ef26baed162c5e3e0feab03.jpg,512,256,0,373,142,390,176,17,34
dental_radiography_0256_jpg.rf.d9c4f2e94ef26baed162c5e3e0feab03.jpg,512,256,0,356,79,398,126,42,47
dental_radiography_0256_jpg.rf.d9c4f2e94ef26baed162c5e3e0feab03.jpg,512,256,0,380,97,418,140,38,43
opg_xray_77.jpg,1185,521,0,810,271,895,408,85,136
dc1000_104.png,2943,1435,0,1099,904,1117,928,18,24
dc1000_104.png,2943,1435,0,1883,887,1895,905,12,18
dc1000_662.png,2943,1435,0,1615,1015,1627,1025,12,10
dc1000_662.png,2943,1435,0,1404,1013,1411,1020,7,7
dc1000_662.png,2943,1435,0,1407,987,1415,1009,8,22
dc1000_662.png,2943,1435,0,1275,986,1295,1021,20,35
dc1000_662.png,2943,1435,0,1141,985,1151,995,10,10
dc1000_662.png,2943,1435,0,1968,926,1987,942,19,16
dc1000_662.png,2943,1435,0,1049,925,1060,939,11,14
dc1000_662.png,2943,1435,0,1515,795,1523,809,8,14
dc1000_662.png,2943,1435,0,1490,795,1504,812,14,17
dc1000_662.png,2943,1435,0,1735,780,1747,798,12,18
dc1000_662.png,2943,1435,0,1566,771,1580,793,14,22
dc1000_662.png,2943,1435,0,1096,762,1110,781,14,19
dc1000_662.png,2943,1435,0,1335,761,1345,794,10,33
dc1000_662.png,2943,1435,0,1095,734,1106,755,11,21
dc1000_676.png,2943,1435,0,1343,936,1360,949,17,13
dc1000_676.png,2943,1435,0,1605,929,1611,938,6,9
dc1000_676.png,2943,1435,0,1106,915,1129,931,23,16
dc1000_676.png,2943,1435,0,1134,901,1188,950,54,49
dc1000_676.png,2943,1435,0,1058,877,1065,886,7,9
dc1000_676.png,2943,1435,0,1807,861,1828,874,21,13
dc1000_676.png,2943,1435,0,1850,821,1936,916,86,95
dc1000_676.png,2943,1435,0,1034,818,1039,824,5,6
dc1000_676.png,2943,1435,0,1024,805,1033,813,9,8
dc1000_676.png,2943,1435,0,1004,803,1016,817,12,14
dc1000_676.png,2943,1435,0,1711,757,1723,769,12,12
dc1000_676.png,2943,1435,0,1097,734,1107,748,10,14
dc1000_676.png,2943,1435,0,1090,718,1099,728,9,10
dc1000_676.png,2943,1435,0,1445,701,1458,732,13,31
dc1000_676.png,2943,1435,0,977,697,985,713,8,16
dc1000_676.png,2943,1435,0,889,682,947,737,58,55
dental_radiography_0524_jpg.rf.ea6b61b916cc574ef51a7dd4f75e5d9b.jpg,512,256,0,316,109,328,148,12,39
dental_radiography_0524_jpg.rf.ea6b61b916cc574ef51a7dd4f75e5d9b.jpg,512,256,0,190,121,204,151,14,30
dc1000_110.png,2943,1435,0,1526,980,1534,985,8,5
dc1000_110.png,2943,1435,0,1505,960,1521,987,16,27
dc1000_110.png,2943,1435,0,1450,951,1463,967,13,16
dc1000_110.png,2943,1435,0,1711,881,1730,901,19,20
dc1000_110.png,2943,1435,0,927,837,933,842,6,5
dc1000_110.png,2943,1435,0,854,824,880,858,26,34
dc1000_110.png,2943,1435,0,931,808,944,833,13,25
dc1000_110.png,2943,1435,0,1023,736,1031,749,8,13
dc1000_110.png,2943,1435,0,1738,734,1773,774,35,40
dental_radiography_0053_jpg.rf.0a39e4969cb730a0e08d415d819e14d9.jpg,512,256,0,319,129,332,161,13,32
dental_radiography_0053_jpg.rf.0a39e4969cb730a0e08d415d819e14d9.jpg,512,256,0,212,112,237,161,25,49
dc1000_138.png,2943,1435,0,1726,861,1767,892,41,31
dc1000_138.png,2943,1435,0,1129,755,1141,765,12,10
dc1000_138.png,2943,1435,0,1832,750,1847,761,15,11
dc1000_138.png,2943,1435,0,1150,711,1188,782,38,71
dc1000_138.png,2943,1435,0,1814,679,1826,716,12,37
dc1000_138.png,2943,1435,0,1774,673,1807,703,33,30
dc1000_886.png,2943,1435,0,1765,905,1773,923,8,18
dc1000_886.png,2943,1435,0,1035,898,1055,929,20,31
dc1000_886.png,2943,1435,0,1901,896,1905,904,4,8
dc1000_886.png,2943,1435,0,1940,887,1980,940,40,53
dc1000_886.png,2943,1435,0,1101,863,1117,879,16,16
dc1000_886.png,2943,1435,0,1978,858,2050,947,72,89
dc1000_886.png,2943,1435,0,940,834,946,843,6,9
dc1000_886.png,2943,1435,0,1792,751,1807,773,15,22
dc1000_886.png,2943,1435,0,1791,722,1807,741,16,19
dc1000_886.png,2943,1435,0,2031,716,2054,735,23,19
dc1000_886.png,2943,1435,0,1150,698,1164,718,14,20
dc1000_1083.png,2943,1435,0,1066,910,1075,916,9,6
dc1000_1083.png,2943,1435,0,2065,861,2079,878,14,17
dc1000_1083.png,2943,1435,0,1995,844,2056,895,61,51
dc1000_1083.png,2943,1435,0,1837,777,1848,797,11,20
dc1000_1083.png,2943,1435,0,1942,743,1963,777,21,34
dc1000_1083.png,2943,1435,0,1992,738,2047,786,55,48
dc1000_689.png,2943,1435,0,1080,1025,1086,1036,6,11
dc1000_689.png,2943,1435,0,1065,1022,1070,1029,5,7
dc1000_689.png,2943,1435,0,1960,985,1973,1001,13,16
dc1000_689.png,2943,1435,0,1790,983,1825,1020,35,37
dc1000_689.png,2943,1435,0,1890,965,1897,976,7,11
dc1000_689.png,2943,1435,0,2097,948,2109,962,12,14
dc1000_689.png,2943,1435,0,1009,947,1045,984,36,37
dc1000_689.png,2943,1435,0,1879,792,1891,810,12,18
dc1000_689.png,2943,1435,0,819,730,828,742,9,12
dc1000_689.png,2943,1435,0,2123,710,2140,726,17,16
dental_radiography_0789_jpg.rf.03a2f051f87a81b9cc677242607ccd89.jpg,512,256,0,291,116,309,155,18,39
dental_radiography_0789_jpg.rf.03a2f051f87a81b9cc677242607ccd89.jpg,512,256,0,318,151,352,188,34,37
dental_radiography_0789_jpg.rf.03a2f051f87a81b9cc677242607ccd89.jpg,512,256,0,278,170,291,198,13,28
dc1000_188.png,2943,1435,0,1857,911,1873,925,16,14
dc1000_188.png,2943,1435,0,1843,890,1856,905,13,15
dc1000_188.png,2943,1435,0,1878,863,1889,877,11,14
dc1000_188.png,2943,1435,0,1818,861,1837,892,19,31
dc1000_188.png,2943,1435,0,2078,791,2130,872,52,81
dc1000_188.png,2943,1435,0,1096,751,1106,761,10,10
dc1000_188.png,2943,1435,0,1188,720,1197,734,9,14
dc1000_188.png,2943,1435,0,1883,719,1889,733,6,14
dc1000_188.png,2943,1435,0,1058,712,1100,753,42,41
dc1000_188.png,2943,1435,0,1095,702,1106,731,11,29
dc1000_188.png,2943,1435,0,1884,694,1898,717,14,23
dc1000_188.png,2943,1435,0,1819,686,1877,754,58,68
dc1000_188.png,2943,1435,0,1886,672,1899,682,13,10
dc1000_188.png,2943,1435,0,2115,637,2141,679,26,42
dc1000_188.png,2943,1435,0,838,627,886,676,48,49
dc1000_822.png,2943,1435,0,1257,894,1264,910,7,16
dc1000_822.png,2943,1435,0,1023,862,1025,866,2,4
dc1000_822.png,2943,1435,0,1018,844,1029,858,11,14
dc1000_822.png,2943,1435,0,864,800,956,863,92,63
dc1000_822.png,2943,1435,0,1204,753,1211,762,7,9
dc1000_822.png,2943,1435,0,1126,738,1142,748,16,10
dc1000_822.png,2943,1435,0,719,728,810,817,91,89
dc1000_822.png,2943,1435,0,920,726,929,738,9,12
dc1000_822.png,2943,1435,0,1758,671,1806,755,48,84
dc1000_822.png,2943,1435,0,690,649,800,712,110,63
dc1000_611.png,2943,1435,0,1822,966,1831,972,9,6
dc1000_611.png,2943,1435,0,1423,961,1434,980,11,19
dc1000_611.png,2943,1435,0,1159,952,1208,979,49,27
dc1000_611.png,2943,1435,0,1932,944,1941,961,9,17
dc1000_611.png,2943,1435,0,1904,885,1928,906,24,21
dc1000_611.png,2943,1435,0,1075,871,1182,959,107,88
dc1000_611.png,2943,1435,0,1854,777,1867,793,13,16
dc1000_611.png,2943,1435,0,1288,775,1301,802,13,27
dc1000_611.png,2943,1435,0,1211,754,1224,780,13,26
dc1000_611.png,2943,1435,0,1164,739,1179,766,15,27
dc1000_611.png,2943,1435,0,1276,734,1294,776,18,42
dc1000_611.png,2943,1435,0,1215,733,1222,747,7,14
dc1000_611.png,2943,1435,0,1956,730,1980,773,24,43
dc1000_611.png,2943,1435,0,1980,692,1992,717,12,25
dc1000_177.png,2943,1435,0,1272,851,1285,868,13,17
dc1000_177.png,2943,1435,0,1816,846,1821,852,5,6
dc1000_177.png,2943,1435,0,1066,839,1075,851,9,12
dc1000_177.png,2943,1435,0,1961,635,1972,667,11,32
dc1000_177.png,2943,1435,0,729,553,820,661,91,108
dc1000_163.png,2943,1435,0,1696,972,1715,989,19,17
dc1000_163.png,2943,1435,0,1308,969,1326,983,18,14
dc1000_163.png,2943,1435,0,1686,925,1715,966,29,41
dc1000_163.png,2943,1435,0,1003,882,1011,893,8,11
dc1000_163.png,2943,1435,0,878,783,930,839,52,56
dc1000_163.png,2943,1435,0,839,774,881,815,42,41
dc1000_163.png,2943,1435,0,2055,675,2070,702,15,27
dc1000_163.png,2943,1435,0,2059,639,2079,667,20,28
dc1000_163.png,2943,1435,0,2075,629,2086,654,11,25
dc1000_1033.png,2943,1435,0,1140,997,1159,1017,19,20
dc1000_1033.png,2943,1435,0,1042,922,1049,932,7,10
dc1000_1033.png,2943,1435,0,2075,826,2135,902,60,76
dc1000_1033.png,2943,1435,0,1047,788,1068,817,21,29
dc1000_1033.png,2943,1435,0,2045,784,2065,803,20,19
dc1000_605.png,2943,1435,0,1075,879,1089,896,14,17
dc1000_605.png,2943,1435,0,1056,875,1070,885,14,10
dc1000_605.png,2943,1435,0,965,866,974,873,9,7
dc1000_605.png,2943,1435,0,984,785,1000,807,16,22
dc1000_605.png,2943,1435,0,1885,768,1895,776,10,8
dc1000_605.png,2943,1435,0,1389,748,1419,855,30,107
dc1000_605.png,2943,1435,0,1849,735,1866,766,17,31
dc1000_605.png,2943,1435,0,1337,727,1363,760,26,33
dental_radiography_0033_jpg.rf.f92547f3c0afeaae38ec23ae7152de73.jpg,512,256,0,218,168,231,208,13,40
dental_radiography_0033_jpg.rf.f92547f3c0afeaae38ec23ae7152de73.jpg,512,256,0,184,159,197,195,13,36
dc1000_639.png,2943,1435,0,1805,891,1827,927,22,36
dc1000_639.png,2943,1435,0,855,829,894,874,39,45
dc1000_639.png,2943,1435,0,763,806,810,887,47,81
dc1000_639.png,2943,1435,0,2099,740,2109,752,10,12
dc1000_639.png,2943,1435,0,1197,702,1205,716,8,14
dc1000_639.png,2943,1435,0,1270,700,1286,730,16,30
dc1000_639.png,2943,1435,0,1173,693,1192,707,19,14
dc1000_639.png,2943,1435,0,1101,692,1116,708,15,16
dc1000_639.png,2943,1435,0,880,673,889,689,9,16
dc1000_639.png,2943,1435,0,1761,669,1770,681,9,12
dc1000_639.png,2943,1435,0,893,616,923,679,30,63
dc1000_639.png,2943,1435,0,2029,602,2045,629,16,27
opg_xray_38.jpg,1197,660,0,715,403,791,529,76,126
opg_xray_38.jpg,1197,660,0,829,250,896,386,67,136
opg_xray_38.jpg,1197,660,0,780,262,854,396,73,134
opg_xray_38.jpg,1197,660,0,380,272,444,403,64,132
opg_xray_10.jpg,1155,591,0,383,221,447,367,64,146
dental_radiography_0821_jpg.rf.e6eda9320cea06684081e57d1ac6d6b6.jpg,512,256,0,357,90,402,133,45,43
dc1000_413.png,2943,1435,0,1117,970,1127,979,10,9
dc1000_413.png,2943,1435,0,1124,951,1133,965,9,14
dc1000_413.png,2943,1435,0,1646,943,1659,957,13,14
dc1000_413.png,2943,1435,0,1714,942,1719,945,5,3
dc1000_413.png,2943,1435,0,1720,926,1726,934,6,8
dc1000_413.png,2943,1435,0,1056,924,1066,938,10,14
dc1000_413.png,2943,1435,0,2005,892,2067,961,62,69
dc1000_413.png,2943,1435,0,1857,770,1870,794,13,24
dc1000_413.png,2943,1435,0,1968,752,1981,781,13,29
dc1000_407.png,2943,1435,0,1769,750,1781,779,12,29
dental_radiography_0054_jpg.rf.ab25b1d07817e736bc7baa6bffbaf4d7.jpg,512,256,0,298,148,329,199,31,51
dc1000_598.png,2943,1435,0,1869,863,1880,877,11,14
dc1000_598.png,2943,1435,0,1061,857,1067,865,6,8
dc1000_598.png,2943,1435,0,2066,808,2092,856,26,48
dc1000_598.png,2943,1435,0,846,798,873,847,27,49
dc1000_598.png,2943,1435,0,1927,734,1934,741,7,7
dc1000_598.png,2943,1435,0,1000,721,1017,734,17,13
dc1000_201.png,2943,1435,0,1814,812,1866,869,52,57
dc1000_201.png,2943,1435,0,914,784,938,818,24,34
dc1000_201.png,2943,1435,0,1014,707,1023,712,9,5
dc1000_201.png,2943,1435,0,997,690,1012,701,15,11
dc1000_201.png,2943,1435,0,1996,667,2021,681,25,14
dc1000_201.png,2943,1435,0,2045,604,2052,619,7,15
dc1000_201.png,2943,1435,0,2002,601,2032,646,30,45
dc1000_567.png,2943,1435,0,1954,888,1970,904,16,16
dc1000_567.png,2943,1435,0,1662,877,1673,906,11,29
dc1000_567.png,2943,1435,0,1802,860,1852,946,50,86
dc1000_567.png,2943,1435,0,1831,853,1856,882,25,29
dc1000_567.png,2943,1435,0,1012,851,1026,874,14,23
dc1000_567.png,2943,1435,0,969,804,1011,876,42,72
dc1000_567.png,2943,1435,0,959,694,985,704,26,10
dc1000_567.png,2943,1435,0,1979,655,2005,692,26,37
dc1000_567.png,2943,1435,0,1364,644,1392,665,28,21
dc1000_567.png,2943,1435,0,1342,641,1355,675,13,34
dc1000_567.png,2943,1435,0,2014,626,2082,697,68,71
dc1000_567.png,2943,1435,0,917,576,1022,703,105,127
dc1000_567.png,2943,1435,0,815,562,894,657,79,95
dc1000_573.png,2943,1435,0,1035,770,1048,785,13,15
dc1000_573.png,2943,1435,0,1052,768,1069,780,17,12
dc1000_573.png,2943,1435,0,1907,743,1919,755,12,12
dc1000_573.png,2943,1435,0,1847,739,1856,745,9,6
dc1000_573.png,2943,1435,0,1078,736,1094,762,16,26
dc1000_573.png,2943,1435,0,1857,724,1867,748,10,24
dc1000_573.png,2943,1435,0,1945,675,1972,748,27,73
dc1000_215.png,2943,1435,0,1167,803,1185,819,18,16
dc1000_215.png,2943,1435,0,1850,786,1871,805,21,19
dc1000_229.png,2943,1435,0,1147,846,1151,852,4,6
dc1000_229.png,2943,1435,0,1062,648,1070,663,8,15
dc1000_229.png,2943,1435,0,2059,609,2124,680,65,71
dc1000_942.png,2943,1435,0,1108,791,1110,792,2,1
dc1000_942.png,2943,1435,0,1035,774,1057,801,22,27
dc1000_942.png,2943,1435,0,1056,769,1098,830,42,61
dc1000_942.png,2943,1435,0,1684,752,1761,818,77,66
dc1000_942.png,2943,1435,0,835,740,851,757,16,17
dc1000_942.png,2943,1435,0,1940,710,1961,757,21,47
dental_radiography_0642_jpg.rf.b7ca331ca6495ab465a757b2aa856c9c.jpg,512,256,0,138,56,186,98,48,42
dental_radiography_0642_jpg.rf.b7ca331ca6495ab465a757b2aa856c9c.jpg,512,256,0,211,49,229,96,18,47
dental_radiography_0642_jpg.rf.b7ca331ca6495ab465a757b2aa856c9c.jpg,512,256,0,275,105,289,137,14,32
dental_radiography_0642_jpg.rf.b7ca331ca6495ab465a757b2aa856c9c.jpg,512,256,0,289,104,301,143,12,39
dental_radiography_0642_jpg.rf.b7ca331ca6495ab465a757b2aa856c9c.jpg,512,256,0,301,103,315,143,14,40
dental_radiography_0642_jpg.rf.b7ca331ca6495ab465a757b2aa856c9c.jpg,512,256,0,309,54,325,97,16,43
dental_radiography_0850_jpg.rf.fe1712112c20f5f9cef831fbad30abee.jpg,512,256,0,187,147,204,189,17,42
opg_xray_127.jpg,1210,519,0,265,262,356,418,91,155
opg_xray_127.jpg,1210,519,0,343,270,437,399,94,129
dc1000_981.png,2943,1435,0,1789,986,1830,1025,41,39
dc1000_981.png,2943,1435,0,1838,974,1860,1023,22,49
dc1000_981.png,2943,1435,0,1886,969,1900,989,14,20
dc1000_981.png,2943,1435,0,1065,940,1133,976,68,36
dc1000_981.png,2943,1435,0,938,875,946,885,8,10
dc1000_759.png,2943,1435,0,1274,873,1292,919,18,46
dc1000_759.png,2943,1435,0,1576,739,1588,763,12,24
dc1000_759.png,2943,1435,0,1802,661,1822,691,20,30
dc1000_759.png,2943,1435,0,1829,648,1871,724,42,76
dc1000_759.png,2943,1435,0,1904,636,1926,664,22,28
dc1000_759.png,2943,1435,0,1938,635,1944,648,6,13
opg_xray_133.jpg,1092,484,0,725,141,789,254,64,113
opg_xray_133.jpg,1092,484,0,454,122,504,254,50,131
opg_xray_133.jpg,1092,484,0,795,232,906,326,111,94
dc1000_758.png,2943,1435,0,2088,915,2100,942,12,27
dc1000_758.png,2943,1435,0,2098,868,2164,941,66,73
dental_radiography_0985_jpg.rf.2031b8f3a0c8c59ce626d7cc1a73c69e.jpg,512,256,0,153,148,169,188,16,40
dental_radiography_0985_jpg.rf.2031b8f3a0c8c59ce626d7cc1a73c69e.jpg,512,256,0,170,149,180,185,10,36
dental_radiography_0603_jpg.rf.5616d563df0af72a8e0124c4df5788bd.jpg,512,256,0,254,121,271,167,17,46
dental_radiography_0603_jpg.rf.5616d563df0af72a8e0124c4df5788bd.jpg,512,256,0,236,120,254,165,18,45
dental_radiography_0603_jpg.rf.5616d563df0af72a8e0124c4df5788bd.jpg,512,256,0,270,122,286,169,16,47
dental_radiography_0603_jpg.rf.5616d563df0af72a8e0124c4df5788bd.jpg,512,256,0,323,76,353,116,30,40
dc1000_228.png,2943,1435,0,1889,844,1896,851,7,7
dc1000_228.png,2943,1435,0,1046,827,1055,838,9,11
dc1000_228.png,2943,1435,0,1058,661,1079,678,21,17
dc1000_228.png,2943,1435,0,1081,654,1091,682,10,28
dental_radiography_0911_jpg.rf.11ba7bcbbd3056174e462824c85bcdd8.jpg,512,256,0,273,73,291,136,18,63
dental_radiography_0911_jpg.rf.11ba7bcbbd3056174e462824c85bcdd8.jpg,512,256,0,250,69,273,136,23,67
dental_radiography_0911_jpg.rf.11ba7bcbbd3056174e462824c85bcdd8.jpg,512,256,0,351,141,385,194,34,53
dental_radiography_0947_jpg.rf.56f9b1a9c440fffc1a41a1d3179c0e23.jpg,512,256,0,141,115,167,160,26,45
dc1000_572.png,2943,1435,0,1704,746,1720,765,16,19
dc1000_572.png,2943,1435,0,1251,681,1311,702,60,21
dc1000_572.png,2943,1435,0,1306,680,1320,689,14,9
dc1000_572.png,2943,1435,0,1841,671,1850,679,9,8
dc1000_572.png,2943,1435,0,1786,666,1823,686,37,20
dc1000_572.png,2943,1435,0,2048,653,2062,665,14,12
dc1000_572.png,2943,1435,0,883,527,908,556,25,29
dc1000_214.png,2943,1435,0,1847,851,1907,901,60,50
dc1000_214.png,2943,1435,0,949,658,1057,766,108,108
dc1000_214.png,2943,1435,0,1871,652,1961,776,90,124
dc1000_214.png,2943,1435,0,1961,649,1984,676,23,27
dc1000_200.png,2943,1435,0,1728,889,1742,921,14,32
dc1000_200.png,2943,1435,0,1740,885,1753,912,13,27
dc1000_200.png,2943,1435,0,1811,854,1819,869,8,15
dc1000_200.png,2943,1435,0,1734,837,1776,879,42,42
dc1000_200.png,2943,1435,0,2018,781,2028,793,10,12
dc1000_200.png,2943,1435,0,1821,685,1834,693,13,8
dc1000_200.png,2943,1435,0,1785,674,1798,684,13,10
dc1000_200.png,2943,1435,0,2132,635,2146,640,14,5
dc1000_200.png,2943,1435,0,966,628,976,653,10,25
dc1000_566.png,2943,1435,0,1655,897,1673,950,18,53
dc1000_566.png,2943,1435,0,1140,873,1149,880,9,7
dc1000_566.png,2943,1435,0,1203,870,1208,875,5,5
dc1000_566.png,2943,1435,0,1079,866,1106,912,27,46
dc1000_566.png,2943,1435,0,816,851,828,859,12,8
dc1000_566.png,2943,1435,0,899,837,946,899,47,62
dc1000_566.png,2943,1435,0,2002,764,2020,776,18,12
dc1000_566.png,2943,1435,0,1642,762,1654,799,12,37
dc1000_566.png,2943,1435,0,1046,760,1057,783,11,23
dc1000_566.png,2943,1435,0,2031,743,2082,785,51,42
dc1000_566.png,2943,1435,0,937,739,958,783,21,44
dc1000_566.png,2943,1435,0,1029,713,1044,750,15,37
dc1000_566.png,2943,1435,0,2067,686,2109,761,42,75
dc1000_599.png,2943,1435,0,1023,708,1033,722,10,14
dc1000_599.png,2943,1435,0,1813,701,1832,735,19,34
dc1000_599.png,2943,1435,0,1957,679,1970,697,13,18
dental_radiography_0758_jpg.rf.fcda9f24d59ae15e6f0b9386b7e3b6e1.jpg,512,256,0,331,136,348,189,17,53
dental_radiography_0550_jpg.rf.5f80702e45fa1c707bc139d056948100.jpg,512,256,0,359,122,373,148,14,26
dental_radiography_0550_jpg.rf.5f80702e45fa1c707bc139d056948100.jpg,512,256,0,344,123,359,147,15,24
dental_radiography_0550_jpg.rf.5f80702e45fa1c707bc139d056948100.jpg,512,256,0,213,123,226,162,13,39
dental_radiography_0550_jpg.rf.5f80702e45fa1c707bc139d056948100.jpg,512,256,0,198,117,212,159,14,42
opg_xray_250.jpg,1898,908,0,1445,418,1641,628,196,210
opg_xray_250.jpg,1898,908,0,298,411,446,637,148,226
dc1000_406.png,2943,1435,0,1608,978,1624,1008,16,30
dc1000_360.png,2943,1435,0,1790,871,1807,894,17,23
dc1000_360.png,2943,1435,0,1884,866,1893,887,9,21
dc1000_360.png,2943,1435,0,1965,843,1974,852,9,9
dc1000_360.png,2943,1435,0,2042,827,2051,834,9,7
dc1000_360.png,2943,1435,0,893,803,903,813,10,10
dc1000_360.png,2943,1435,0,975,797,1019,877,44,80
dc1000_360.png,2943,1435,0,1816,760,1822,770,6,10
dc1000_360.png,2943,1435,0,1305,756,1309,764,4,8
dc1000_360.png,2943,1435,0,1285,756,1299,764,14,8
dc1000_360.png,2943,1435,0,1637,751,1655,780,18,29
dc1000_360.png,2943,1435,0,1618,748,1633,778,15,30
dc1000_412.png,2943,1435,0,1425,891,1441,912,16,21
dc1000_412.png,2943,1435,0,1956,785,1979,794,23,9
dc1000_412.png,2943,1435,0,1070,774,1117,797,47,23
dc1000_412.png,2943,1435,0,1213,674,1243,722,30,48
dc1000_412.png,2943,1435,0,985,648,1009,681,24,33
opg_xray_11.jpg,1029,700,0,821,191,934,345,113,155
dc1000_638.png,2943,1435,0,1774,872,1841,940,67,68
dc1000_638.png,2943,1435,0,1985,754,1998,768,13,14
dc1000_638.png,2943,1435,0,1699,743,1705,748,6,5
dc1000_638.png,2943,1435,0,1670,729,1680,758,10,29
dc1000_638.png,2943,1435,0,1688,722,1703,735,15,13
dc1000_638.png,2943,1435,0,1151,681,1171,700,20,19
dc1000_638.png,2943,1435,0,1097,656,1119,682,22,26
dc1000_638.png,2943,1435,0,1835,641,1867,674,32,33
dc1000_638.png,2943,1435,0,1997,616,2050,695,53,79
dc1000_638.png,2943,1435,0,1080,615,1111,651,31,36
dc1000_638.png,2943,1435,0,907,593,933,629,26,36
dental_radiography_0461_jpg.rf.32aac00098e9e74ae07b55e543a0d3ff.jpg,512,256,0,314,157,332,175,18,18
dental_radiography_0461_jpg.rf.32aac00098e9e74ae07b55e543a0d3ff.jpg,512,256,0,155,138,176,161,21,23
dental_radiography_0461_jpg.rf.32aac00098e9e74ae07b55e543a0d3ff.jpg,512,256,0,166,145,198,171,32,26
dental_radiography_0461_jpg.rf.32aac00098e9e74ae07b55e543a0d3ff.jpg,512,256,0,170,72,196,124,26,52
dental_radiography_0461_jpg.rf.32aac00098e9e74ae07b55e543a0d3ff.jpg,512,256,0,294,144,317,195,23,51
dc1000_162.png,2943,1435,0,1240,865,1250,869,10,4
dc1000_162.png,2943,1435,0,1464,730,1480,739,16,9
dc1000_162.png,2943,1435,0,1377,728,1400,743,23,15
dc1000_162.png,2943,1435,0,1482,717,1499,722,17,5
dc1000_162.png,2943,1435,0,1726,704,1764,743,38,39
dc1000_162.png,2943,1435,0,1181,686,1197,704,16,18
dc1000_162.png,2943,1435,0,1827,672,1836,681,9,9
dc1000_162.png,2943,1435,0,1146,665,1161,675,15,10
dc1000_162.png,2943,1435,0,1104,659,1118,667,14,8
dc1000_162.png,2943,1435,0,1180,653,1197,664,17,11
dc1000_162.png,2943,1435,0,2036,588,2060,614,24,26
dc1000_604.png,2943,1435,0,1822,824,1829,831,7,7
dc1000_604.png,2943,1435,0,1186,812,1199,828,13,16
dc1000_604.png,2943,1435,0,1807,698,1820,713,13,15
dc1000_604.png,2943,1435,0,1435,665,1443,686,8,21
dc1000_604.png,2943,1435,0,1870,651,1878,664,8,13
dc1000_604.png,2943,1435,0,1872,613,1884,639,12,26
dc1000_610.png,2943,1435,0,1672,989,1681,998,9,9
dc1000_610.png,2943,1435,0,833,846,911,921,78,75
dc1000_610.png,2943,1435,0,802,712,834,742,32,30
dc1000_610.png,2943,1435,0,2064,698,2144,773,80,75
dc1000_176.png,2943,1435,0,1104,858,1108,863,4,5
dc1000_176.png,2943,1435,0,952,830,963,837,11,7
dc1000_176.png,2943,1435,0,1168,732,1211,798,43,66
dc1000_176.png,2943,1435,0,2110,664,2155,698,45,34
dc1000_176.png,2943,1435,0,800,632,848,663,48,31
dc1000_1026.png,2943,1435,0,1108,829,1119,845,11,16
dc1000_1026.png,2943,1435,0,1142,817,1152,825,10,8
dc1000_1026.png,2943,1435,0,1787,780,1834,832,47,52
dc1000_1026.png,2943,1435,0,1011,681,1032,706,21,25
dc1000_1026.png,2943,1435,0,1159,677,1165,696,6,19
dc1000_1026.png,2943,1435,0,1168,662,1177,678,9,16
dc1000_1026.png,2943,1435,0,1847,658,1853,666,6,8
dc1000_1026.png,2943,1435,0,1412,649,1422,673,10,24
dc1000_1026.png,2943,1435,0,778,641,825,707,47,66
dc1000_1026.png,2943,1435,0,1424,598,1432,604,8,6
dc1000_1026.png,2943,1435,0,1566,597,1573,606,7,9
dc1000_837.png,2943,1435,0,1149,940,1156,949,7,9
dc1000_837.png,2943,1435,0,968,903,991,929,23,26
dc1000_837.png,2943,1435,0,1846,799,1859,815,13,16
dc1000_837.png,2943,1435,0,1072,789,1100,830,28,41
dc1000_837.png,2943,1435,0,1705,762,1750,810,45,48
dc1000_189.png,2943,1435,0,1892,901,1906,913,14,12
dc1000_189.png,2943,1435,0,1483,847,1491,853,8,6
dc1000_189.png,2943,1435,0,1430,837,1442,852,12,15
dc1000_189.png,2943,1435,0,1602,836,1613,844,11,8
dc1000_189.png,2943,1435,0,903,695,958,784,55,89
dc1000_606.png,2943,1435,0,1531,977,1541,986,10,9
dc1000_606.png,2943,1435,0,1076,912,1092,922,16,10
dc1000_606.png,2943,1435,0,1860,896,1869,910,9,14
dc1000_606.png,2943,1435,0,1050,874,1081,907,31,33
dc1000_606.png,2943,1435,0,1985,860,1998,889,13,29
dc1000_606.png,2943,1435,0,854,797,903,869,49,72
dc1000_606.png,2943,1435,0,1481,795,1500,805,19,10
dc1000_606.png,2943,1435,0,1457,791,1467,798,10,7
dc1000_606.png,2943,1435,0,1831,772,1851,790,20,18
dc1000_606.png,2943,1435,0,1335,731,1357,766,22,35
dc1000_606.png,2943,1435,0,1877,724,1895,768,18,44
dc1000_606.png,2943,1435,0,1189,722,1203,749,14,27
dc1000_606.png,2943,1435,0,1974,712,1997,753,23,41
dc1000_606.png,2943,1435,0,1900,708,1947,784,47,76
dc1000_606.png,2943,1435,0,1228,705,1259,775,31,70
dc1000_160.png,2943,1435,0,1187,882,1211,907,24,25
dc1000_160.png,2943,1435,0,1029,852,1038,861,9,9
dc1000_160.png,2943,1435,0,1269,793,1285,815,16,22
dc1000_160.png,2943,1435,0,767,706,801,718,34,12
dc1000_160.png,2943,1435,0,652,589,752,680,100,91
dc1000_174.png,2943,1435,0,1306,907,1319,924,13,17
dc1000_174.png,2943,1435,0,1640,858,1648,863,8,5
dc1000_174.png,2943,1435,0,1290,857,1301,876,11,19
dc1000_174.png,2943,1435,0,1614,848,1625,861,11,13
dc1000_174.png,2943,1435,0,924,847,930,853,6,6
dc1000_174.png,2943,1435,0,1843,842,1850,848,7,6
dc1000_174.png,2943,1435,0,1786,822,1824,835,38,13
dc1000_174.png,2943,1435,0,1849,808,1870,817,21,9
dc1000_174.png,2943,1435,0,804,754,869,827,65,73
dc1000_174.png,2943,1435,0,1178,735,1190,743,12,8
dc1000_174.png,2943,1435,0,1735,720,1751,731,16,11
dc1000_174.png,2943,1435,0,1798,715,1827,725,29,10
dc1000_174.png,2943,1435,0,1847,702,1853,705,6,3
dc1000_174.png,2943,1435,0,826,683,842,695,16,12
dc1000_174.png,2943,1435,0,889,655,900,672,11,17
dc1000_612.png,2943,1435,0,1549,941,1584,973,35,32
dc1000_612.png,2943,1435,0,1819,931,1844,955,25,24
dc1000_612.png,2943,1435,0,1528,923,1553,967,25,44
dc1000_612.png,2943,1435,0,1906,914,1936,933,30,19
dc1000_612.png,2943,1435,0,1928,822,2071,950,143,128
dc1000_612.png,2943,1435,0,1594,737,1643,831,49,94
dc1000_612.png,2943,1435,0,1059,727,1079,771,20,44
dc1000_612.png,2943,1435,0,984,715,1001,738,17,23
dc1000_612.png,2943,1435,0,951,699,974,753,23,54
dc1000_612.png,2943,1435,0,876,672,891,688,15,16
dc1000_148.png,2943,1435,0,1814,945,1828,964,14,19
dc1000_148.png,2943,1435,0,961,920,968,928,7,8
dc1000_148.png,2943,1435,0,976,902,986,912,10,10
dc1000_148.png,2943,1435,0,937,881,946,890,9,9
dc1000_148.png,2943,1435,0,1106,801,1117,822,11,21
dc1000_148.png,2943,1435,0,1078,776,1102,813,24,37
dc1000_148.png,2943,1435,0,1901,734,1909,741,8,7
dc1000_148.png,2943,1435,0,1904,717,1913,729,9,12
dc1000_148.png,2943,1435,0,2089,691,2148,745,59,54
dc1000_148.png,2943,1435,0,779,689,877,777,98,88
dc1000_1018.png,2943,1435,0,1141,938,1211,1005,70,67
dc1000_1018.png,2943,1435,0,1891,890,1910,908,19,18
dc1000_1018.png,2943,1435,0,966,856,976,863,10,7
dc1000_1018.png,2943,1435,0,942,836,963,868,21,32
dc1000_1018.png,2943,1435,0,812,833,821,838,9,5
dc1000_1018.png,2943,1435,0,1747,784,1761,816,14,32
dc1000_1018.png,2943,1435,0,1763,770,1799,793,36,23
dental_radiography_0925_jpg.rf.fef131f64b15a7c2c79df01678e53fe5.jpg,512,256,0,194,85,205,115,11,30
dental_radiography_0925_jpg.rf.fef131f64b15a7c2c79df01678e53fe5.jpg,512,256,0,204,80,224,117,20,37
dental_radiography_0925_jpg.rf.fef131f64b15a7c2c79df01678e53fe5.jpg,512,256,0,271,79,289,110,18,31
dental_radiography_0925_jpg.rf.fef131f64b15a7c2c79df01678e53fe5.jpg,512,256,0,308,143,319,171,11,28
dental_radiography_0925_jpg.rf.fef131f64b15a7c2c79df01678e53fe5.jpg,512,256,0,160,153,172,174,12,21
dental_radiography_0925_jpg.rf.fef131f64b15a7c2c79df01678e53fe5.jpg,512,256,0,171,151,184,174,13,23
dental_radiography_0925_jpg.rf.fef131f64b15a7c2c79df01678e53fe5.jpg,512,256,0,189,147,204,178,15,31
dental_radiography_0925_jpg.rf.fef131f64b15a7c2c79df01678e53fe5.jpg,512,256,0,224,82,239,114,15,32
dc1000_404.png,2943,1435,0,1923,793,1984,832,61,39
dc1000_404.png,2943,1435,0,1182,689,1195,701,13,12
dc1000_410.png,2943,1435,0,1166,884,1190,902,24,18
dc1000_410.png,2943,1435,0,889,862,899,872,10,10
dc1000_410.png,2943,1435,0,920,852,929,865,9,13
dc1000_410.png,2943,1435,0,1028,851,1061,884,33,33
dc1000_410.png,2943,1435,0,883,831,896,843,13,12
dc1000_410.png,2943,1435,0,996,804,1017,813,21,9
dc1000_410.png,2943,1435,0,1767,742,1784,757,17,15
dc1000_410.png,2943,1435,0,851,652,869,672,18,20
dc1000_410.png,2943,1435,0,1981,633,2011,683,30,50
dc1000_376.png,2943,1435,0,1870,823,1885,839,15,16
dc1000_376.png,2943,1435,0,2019,769,2034,780,15,11
dc1000_376.png,2943,1435,0,1051,747,1057,752,6,5
dc1000_376.png,2943,1435,0,1148,729,1178,765,30,36
dc1000_376.png,2943,1435,0,865,633,928,702,63,69
opg_xray_246.jpg,1798,938,0,186,423,349,641,163,218
dc1000_438.png,2943,1435,0,916,768,936,792,20,24
dc1000_438.png,2943,1435,0,1085,645,1094,651,9,6
dc1000_438.png,2943,1435,0,978,580,1024,643,46,63
dc1000_438.png,2943,1435,0,2068,557,2105,585,37,28
dc1000_438.png,2943,1435,0,2110,550,2125,572,15,22
dc1000_216.png,2943,1435,0,2043,870,2061,882,18,12
dc1000_216.png,2943,1435,0,1777,694,1787,706,10,12
dc1000_216.png,2943,1435,0,1829,680,1851,715,22,35
dc1000_216.png,2943,1435,0,870,674,891,706,21,32
dc1000_216.png,2943,1435,0,2151,617,2210,677,59,60
dental_radiography_0036_jpg.rf.f4139bfaa14c126ac7e7b89cc4f4e951.jpg,512,256,0,109,127,140,164,31,37
dental_radiography_0036_jpg.rf.f4139bfaa14c126ac7e7b89cc4f4e951.jpg,512,256,0,340,64,373,112,33,48
dc1000_570.png,2943,1435,0,1913,867,1927,891,14,24
dc1000_570.png,2943,1435,0,1105,855,1117,866,12,11
dc1000_570.png,2943,1435,0,1886,834,1918,848,32,14
dc1000_570.png,2943,1435,0,957,793,981,819,24,26
dc1000_570.png,2943,1435,0,1145,746,1154,759,9,13
dc1000_570.png,2943,1435,0,1833,733,1850,747,17,14
dc1000_570.png,2943,1435,0,1169,732,1212,767,43,35
dc1000_570.png,2943,1435,0,942,680,956,701,14,21
dc1000_570.png,2943,1435,0,845,569,876,597,31,28
dc1000_564.png,2943,1435,0,1209,888,1230,909,21,21
dc1000_564.png,2943,1435,0,1068,871,1077,888,9,17
dc1000_564.png,2943,1435,0,1834,864,1848,882,14,18
dc1000_564.png,2943,1435,0,869,791,932,872,63,81
dc1000_564.png,2943,1435,0,1201,788,1212,800,11,12
dc1000_564.png,2943,1435,0,2096,770,2147,809,51,39
dc1000_202.png,2943,1435,0,2057,861,2076,886,19,25
dc1000_202.png,2943,1435,0,1202,808,1209,820,7,12
dc1000_202.png,2943,1435,0,1839,750,1846,757,7,7
dc1000_202.png,2943,1435,0,2080,648,2166,721,86,73
dental_radiography_0166_jpg.rf.b1095ba856cad292ada26764888ccc75.jpg,512,256,0,354,68,371,93,17,25
dental_radiography_0166_jpg.rf.b1095ba856cad292ada26764888ccc75.jpg,512,256,0,300,64,313,93,13,29
dental_radiography_0166_jpg.rf.b1095ba856cad292ada26764888ccc75.jpg,512,256,0,311,107,327,148,16,41
dental_radiography_0166_jpg.rf.b1095ba856cad292ada26764888ccc75.jpg,512,256,0,342,67,361,91,19,24
dental_radiography_0578_jpg.rf.048ebf99fea862d376ce6fb4a51973af.jpg,512,256,0,183,78,211,127,28,49
dc1000_558.png,2943,1435,0,1576,813,1586,822,10,9
dc1000_558.png,2943,1435,0,1016,757,1112,837,96,80
dental_radiography_0539_jpg.rf.725214aa91d5166e4c1e04b15ab0e745.jpg,512,256,0,165,134,200,188,35,54
dental_radiography_0712_jpg.rf.2bf1e24d871d5f4bf68d2c93d7fdd67a.jpg,512,256,0,352,137,390,170,38,33
dental_radiography_0712_jpg.rf.2bf1e24d871d5f4bf68d2c93d7fdd67a.jpg,512,256,0,330,143,342,179,12,36
dental_radiography_0712_jpg.rf.2bf1e24d871d5f4bf68d2c93d7fdd67a.jpg,512,256,0,314,146,330,179,16,33
dental_radiography_0712_jpg.rf.2bf1e24d871d5f4bf68d2c93d7fdd67a.jpg,512,256,0,299,151,314,183,15,32
dental_radiography_0712_jpg.rf.2bf1e24d871d5f4bf68d2c93d7fdd67a.jpg,512,256,0,272,147,290,196,18,49
dental_radiography_0712_jpg.rf.2bf1e24d871d5f4bf68d2c93d7fdd67a.jpg,512,256,0,287,147,300,191,13,44
dental_radiography_0712_jpg.rf.2bf1e24d871d5f4bf68d2c93d7fdd67a.jpg,512,256,0,213,99,227,139,14,40
dental_radiography_0712_jpg.rf.2bf1e24d871d5f4bf68d2c93d7fdd67a.jpg,512,256,0,194,154,210,176,16,22
dental_radiography_0712_jpg.rf.2bf1e24d871d5f4bf68d2c93d7fdd67a.jpg,512,256,0,172,139,187,163,15,24
dental_radiography_0712_jpg.rf.2bf1e24d871d5f4bf68d2c93d7fdd67a.jpg,512,256,0,127,128,146,158,19,30
dental_radiography_0712_jpg.rf.2bf1e24d871d5f4bf68d2c93d7fdd67a.jpg,512,256,0,217,155,234,194,17,39
dental_radiography_0712_jpg.rf.2bf1e24d871d5f4bf68d2c93d7fdd67a.jpg,512,256,0,279,95,298,145,19,50
dental_radiography_0712_jpg.rf.2bf1e24d871d5f4bf68d2c93d7fdd67a.jpg,512,256,0,254,145,266,185,12,40
dental_radiography_0712_jpg.rf.2bf1e24d871d5f4bf68d2c93d7fdd67a.jpg,512,256,0,243,146,256,184,13,38
dental_radiography_0712_jpg.rf.2bf1e24d871d5f4bf68d2c93d7fdd67a.jpg,512,256,0,265,157,272,179,7,22
dental_radiography_0712_jpg.rf.2bf1e24d871d5f4bf68d2c93d7fdd67a.jpg,512,256,0,257,113,266,138,9,25
dental_radiography_0712_jpg.rf.2bf1e24d871d5f4bf68d2c93d7fdd67a.jpg,512,256,0,185,146,199,168,14,22
dental_radiography_0712_jpg.rf.2bf1e24d871d5f4bf68d2c93d7fdd67a.jpg,512,256,0,238,112,251,139,13,27
dental_radiography_0712_jpg.rf.2bf1e24d871d5f4bf68d2c93d7fdd67a.jpg,512,256,0,267,114,278,138,11,24
opg_xray_118.jpg,1137,503,0,854,229,940,342,86,113
dc1000_996.png,2943,1435,0,1028,856,1095,890,67,34
dc1000_996.png,2943,1435,0,1855,843,1941,898,86,55
dc1000_996.png,2943,1435,0,938,836,985,874,47,38
dc1000_996.png,2943,1435,0,1877,675,1892,698,15,23
opg_xray_125.jpg,1230,516,0,800,142,859,269,59,128
opg_xray_125.jpg,1230,516,0,323,253,430,384,108,131
opg_xray_125.jpg,1230,516,0,781,272,854,412,73,139
opg_xray_131.jpg,1492,626,0,366,223,473,410,106,187
opg_xray_131.jpg,1492,626,0,545,261,633,442,88,181
dental_radiography_0301_jpg.rf.c6352591bd1959de9ed6f9927356ce63.jpg,512,256,0,162,53,191,94,29,41
dental_radiography_0301_jpg.rf.c6352591bd1959de9ed6f9927356ce63.jpg,512,256,0,115,71,151,106,36,35
opg_xray_119.jpg,1126,514,0,670,275,757,424,87,150
dental_radiography_0463_jpg.rf.adc570a9de38c884cdf7820e5420b0e4.jpg,512,256,0,358,109,378,134,20,25
dental_radiography_0463_jpg.rf.adc570a9de38c884cdf7820e5420b0e4.jpg,512,256,0,338,114,358,136,20,22
dc1000_954.png,2943,1435,0,1694,844,1718,872,24,28
dc1000_954.png,2943,1435,0,1085,801,1111,820,26,19
dc1000_954.png,2943,1435,0,1043,783,1065,811,22,28
dc1000_954.png,2943,1435,0,953,763,967,774,14,11
dc1000_954.png,2943,1435,0,2045,761,2056,774,11,13
dc1000_954.png,2943,1435,0,1249,760,1258,769,9,9
dc1000_954.png,2943,1435,0,1951,750,1972,789,21,39
dc1000_954.png,2943,1435,0,975,742,985,756,10,14
dc1000_954.png,2943,1435,0,969,738,977,752,8,14
dc1000_954.png,2943,1435,0,1096,622,1102,634,6,12
dc1000_954.png,2943,1435,0,2042,503,2132,601,90,98
dc1000_954.png,2943,1435,0,798,499,852,572,54,73
dental_radiography_0457_jpg.rf.9c2a8f58db146e6320c0559949d44b55.jpg,512,256,0,220,112,233,156,13,44
dental_radiography_0457_jpg.rf.9c2a8f58db146e6320c0559949d44b55.jpg,512,256,0,185,114,205,141,20,27
dental_radiography_0457_jpg.rf.9c2a8f58db146e6320c0559949d44b55.jpg,512,256,0,205,105,218,155,13,50
dental_radiography_0457_jpg.rf.9c2a8f58db146e6320c0559949d44b55.jpg,512,256,0,183,153,209,198,26,45
dental_radiography_0457_jpg.rf.9c2a8f58db146e6320c0559949d44b55.jpg,512,256,0,174,122,187,141,13,19
dental_radiography_0166_jpg.rf.bb9982d8c962418d340d30dec2df8e8a.jpg,512,256,0,141,163,158,188,17,25
dental_radiography_0166_jpg.rf.bb9982d8c962418d340d30dec2df8e8a.jpg,512,256,0,199,163,212,192,13,29
dental_radiography_0166_jpg.rf.bb9982d8c962418d340d30dec2df8e8a.jpg,512,256,0,185,108,201,149,16,41
dental_radiography_0166_jpg.rf.bb9982d8c962418d340d30dec2df8e8a.jpg,512,256,0,151,165,170,189,19,24
dc1000_559.png,2943,1435,0,1228,953,1247,975,19,22
dc1000_559.png,2943,1435,0,1654,940,1671,957,17,17
dc1000_559.png,2943,1435,0,1652,909,1665,934,13,25
dc1000_559.png,2943,1435,0,1817,906,1831,924,14,18
dc1000_559.png,2943,1435,0,1012,884,1031,904,19,20
dc1000_559.png,2943,1435,0,899,831,982,891,83,60
dc1000_559.png,2943,1435,0,2043,820,2058,838,15,18
dc1000_559.png,2943,1435,0,889,779,923,812,34,33
dc1000_559.png,2943,1435,0,1917,765,2044,870,127,105
dc1000_559.png,2943,1435,0,2065,726,2158,801,93,75
dc1000_559.png,2943,1435,0,1966,725,2084,765,118,40
dental_radiography_0301_jpg.rf.8d6fe01f54892d0932bbfb7a7c80aff5.jpg,512,256,0,321,162,350,203,29,41
dental_radiography_0301_jpg.rf.8d6fe01f54892d0932bbfb7a7c80aff5.jpg,512,256,0,361,150,397,185,36,35
dental_radiography_0135_jpg.rf.08f0d1c5777d05556bab731613a50dc8.jpg,512,256,0,348,95,373,132,25,37
dc1000_565.png,2943,1435,0,1170,841,1185,865,15,24
dc1000_565.png,2943,1435,0,883,823,907,907,24,84
dc1000_565.png,2943,1435,0,1984,782,2113,858,129,76
dc1000_203.png,2943,1435,0,1898,828,1904,835,6,7
dc1000_203.png,2943,1435,0,936,806,941,812,5,6
dc1000_203.png,2943,1435,0,1836,802,1853,818,17,16
dc1000_203.png,2943,1435,0,1973,801,1981,811,8,10
dc1000_203.png,2943,1435,0,768,705,831,755,63,50
dc1000_203.png,2943,1435,0,771,528,821,585,50,57
dc1000_217.png,2943,1435,0,1979,849,1988,859,9,10
dc1000_571.png,2943,1435,0,1063,797,1069,805,6,8
dc1000_571.png,2943,1435,0,1764,759,1883,817,119,58
dc1000_571.png,2943,1435,0,1851,732,1932,778,81,46
dc1000_571.png,2943,1435,0,1151,679,1186,727,35,48
dental_radiography_0710_jpg.rf.62e7fbbb30188fea6e4ded14efc024ed.jpg,512,256,0,284,45,305,112,21,67
dc1000_439.png,2943,1435,0,999,829,1019,852,20,23
dc1000_439.png,2943,1435,0,1239,763,1258,787,19,24
dc1000_439.png,2943,1435,0,1970,721,2032,774,62,53
dc1000_439.png,2943,1435,0,1239,711,1278,751,39,40
dc1000_439.png,2943,1435,0,993,644,1010,667,17,23
dc1000_439.png,2943,1435,0,938,631,980,707,42,76
dc1000_411.png,2943,1435,0,1872,909,1884,933,12,24
dc1000_411.png,2943,1435,0,1308,789,1318,796,10,7
dc1000_411.png,2943,1435,0,1378,787,1385,793,7,6
dc1000_411.png,2943,1435,0,2070,753,2129,818,59,65
dc1000_411.png,2943,1435,0,2086,658,2115,684,29,26
dc1000_405.png,2943,1435,0,1806,824,1836,837,30,13
dc1000_405.png,2943,1435,0,1839,823,1847,830,8,7
dc1000_405.png,2943,1435,0,1101,792,1130,814,29,22
dc1000_405.png,2943,1435,0,1111,642,1122,662,11,20
dc1000_388.png,2943,1435,0,1152,889,1166,902,14,13
dc1000_388.png,2943,1435,0,1018,851,1103,906,85,55
dc1000_388.png,2943,1435,0,1914,845,1941,872,27,27
dc1000_388.png,2943,1435,0,1861,740,1872,750,11,10
dental_radiography_0291_jpg.rf.beb0d60e74991813ed9a3434d030cce1.jpg,512,256,0,287,64,305,120,18,56
dental_radiography_0291_jpg.rf.beb0d60e74991813ed9a3434d030cce1.jpg,512,256,0,333,92,343,128,10,36
dental_radiography_0291_jpg.rf.beb0d60e74991813ed9a3434d030cce1.jpg,512,256,0,308,131,321,167,13,36
dental_radiography_0291_jpg.rf.beb0d60e74991813ed9a3434d030cce1.jpg,512,256,0,261,69,275,115,14,46
dental_radiography_0291_jpg.rf.beb0d60e74991813ed9a3434d030cce1.jpg,512,256,0,153,85,177,135,24,50
dental_radiography_0291_jpg.rf.beb0d60e74991813ed9a3434d030cce1.jpg,512,256,0,174,86,203,117,29,31
dental_radiography_0291_jpg.rf.beb0d60e74991813ed9a3434d030cce1.jpg,512,256,0,323,98,336,126,13,28
dental_radiography_0291_jpg.rf.beb0d60e74991813ed9a3434d030cce1.jpg,512,256,0,311,87,331,117,20,30
dental_radiography_0291_jpg.rf.beb0d60e74991813ed9a3434d030cce1.jpg,512,256,0,303,87,316,115,13,28
dental_radiography_0291_jpg.rf.beb0d60e74991813ed9a3434d030cce1.jpg,512,256,0,291,129,307,179,16,50
dental_radiography_0291_jpg.rf.beb0d60e74991813ed9a3434d030cce1.jpg,512,256,0,319,138,336,160,17,22
dc1000_149.png,2943,1435,0,1850,919,1863,937,13,18
dc1000_149.png,2943,1435,0,1844,906,1850,914,6,8
dc1000_149.png,2943,1435,0,1903,896,1914,905,11,9
dc1000_149.png,2943,1435,0,1896,891,1901,896,5,5
dc1000_149.png,2943,1435,0,963,876,971,882,8,6
dc1000_149.png,2943,1435,0,974,875,979,883,5,8
dc1000_149.png,2943,1435,0,1963,784,1972,792,9,8
dc1000_149.png,2943,1435,0,1919,735,1974,804,55,69
dc1000_149.png,2943,1435,0,1008,722,1051,771,43,49
dental_radiography_0851_jpg.rf.566f3a33ecbf64389e37df253cb889bb.jpg,512,256,0,313,54,348,94,35,40
dental_radiography_0851_jpg.rf.566f3a33ecbf64389e37df253cb889bb.jpg,512,256,0,286,53,300,91,14,38
dental_radiography_0851_jpg.rf.566f3a33ecbf64389e37df253cb889bb.jpg,512,256,0,279,97,297,138,18,41
dc1000_175.png,2943,1435,0,1758,912,1765,921,7,9
dc1000_175.png,2943,1435,0,1898,897,1907,906,9,9
dc1000_175.png,2943,1435,0,1038,880,1047,891,9,11
dc1000_175.png,2943,1435,0,909,713,919,724,10,11
dc1000_613.png,2943,1435,0,1763,892,1776,904,13,12
dc1000_613.png,2943,1435,0,1841,876,1850,888,9,12
dc1000_613.png,2943,1435,0,1157,872,1164,891,7,19
dc1000_613.png,2943,1435,0,1019,829,1068,865,49,36
dc1000_613.png,2943,1435,0,976,810,1011,837,35,27
dc1000_613.png,2943,1435,0,1825,786,1839,801,14,15
dc1000_613.png,2943,1435,0,2001,738,2060,812,59,74
dc1000_613.png,2943,1435,0,2065,732,2079,746,14,14
dc1000_613.png,2943,1435,0,852,724,955,806,103,82
dc1000_607.png,2943,1435,0,1761,904,1822,940,61,36
dc1000_607.png,2943,1435,0,1091,737,1102,768,11,31
dc1000_607.png,2943,1435,0,1176,702,1192,737,16,35
dc1000_607.png,2943,1435,0,1163,698,1174,733,11,35
dc1000_607.png,2943,1435,0,969,683,990,726,21,43
dc1000_607.png,2943,1435,0,1238,678,1257,733,19,55
dc1000_607.png,2943,1435,0,860,668,879,703,19,35
dc1000_607.png,2943,1435,0,1977,661,2042,720,65,59
dc1000_607.png,2943,1435,0,755,648,840,720,85,72
dc1000_161.png,2943,1435,0,1514,1016,1526,1025,12,9
dc1000_161.png,2943,1435,0,1575,1001,1589,1023,14,22
dc1000_161.png,2943,1435,0,1244,976,1260,1005,16,29
dc1000_161.png,2943,1435,0,1904,917,1920,940,16,23
dc1000_161.png,2943,1435,0,1999,872,2010,882,11,10
dental_radiography_0675_jpg.rf.22704579f0b9133fab35e68a1dc08f43.jpg,512,256,0,265,80,284,122,19,42
dental_radiography_0974_jpg.rf.ff31d35aecfa18f7a3bb61736cb40dcf.jpg,512,256,0,172,63,187,114,15,51
dental_radiography_0510_jpg.rf.6fc83c1ef1264c860155e171cea5b71b.jpg,512,256,0,100,87,145,142,45,55
dental_radiography_0510_jpg.rf.6fc83c1ef1264c860155e171cea5b71b.jpg,512,256,0,321,75,341,125,20,50
dc1000_818.png,2943,1435,0,1032,950,1042,959,10,9
dc1000_818.png,2943,1435,0,1821,899,1936,983,115,84
dc1000_818.png,2943,1435,0,1976,872,1990,888,14,16
dc1000_818.png,2943,1435,0,1631,806,1649,832,18,26
dc1000_818.png,2943,1435,0,1290,790,1318,847,28,57
dc1000_818.png,2943,1435,0,1125,764,1142,797,17,33
dental_radiography_0533_jpg.rf.16f92470249954f76c9597cc740efe25.jpg,512,256,0,290,85,313,131,23,46
dc1000_1009.png,2943,1435,0,1110,836,1116,843,6,7
dc1000_1009.png,2943,1435,0,1896,834,1910,859,14,25
dc1000_1009.png,2943,1435,0,885,617,921,668,36,51
dc1000_159.png,2943,1435,0,1306,938,1320,958,14,20
dc1000_159.png,2943,1435,0,1717,914,1726,924,9,10
dc1000_159.png,2943,1435,0,907,858,927,870,20,12
dc1000_159.png,2943,1435,0,1091,715,1100,730,9,15
dc1000_159.png,2943,1435,0,2096,646,2170,701,74,55
dental_radiography_0685_jpg.rf.29c4b7bd3c8ebe349d4fb86f7ed9206e.jpg,512,256,0,351,93,371,124,20,31
dc1000_165.png,2943,1435,0,1803,954,1814,977,11,23
dc1000_165.png,2943,1435,0,1923,942,1944,978,21,36
dc1000_165.png,2943,1435,0,1734,931,1747,946,13,15
dc1000_165.png,2943,1435,0,1784,916,1805,942,21,26
dc1000_165.png,2943,1435,0,1811,909,1878,971,67,62
dc1000_165.png,2943,1435,0,899,908,909,914,10,6
dc1000_165.png,2943,1435,0,2046,891,2071,914,25,23
dc1000_165.png,2943,1435,0,2064,877,2083,895,19,18
dc1000_165.png,2943,1435,0,885,854,909,886,24,32
dc1000_165.png,2943,1435,0,790,813,806,826,16,13
dc1000_165.png,2943,1435,0,1069,775,1082,800,13,25
dc1000_165.png,2943,1435,0,2073,748,2082,763,9,15
dc1000_165.png,2943,1435,0,2047,738,2073,780,26,42
dc1000_603.png,2943,1435,0,871,947,877,955,6,8
dc1000_603.png,2943,1435,0,1116,929,1123,946,7,17
dc1000_603.png,2943,1435,0,873,909,884,930,11,21
dc1000_603.png,2943,1435,0,1785,764,1799,794,14,30
dc1000_603.png,2943,1435,0,883,719,953,786,70,67
dc1000_603.png,2943,1435,0,2088,695,2114,727,26,32
dc1000_603.png,2943,1435,0,859,693,883,729,24,36
dc1000_617.png,2943,1435,0,1499,967,1510,1002,11,35
dc1000_617.png,2943,1435,0,1629,930,1637,944,8,14
dc1000_617.png,2943,1435,0,1512,927,1527,954,15,27
dc1000_617.png,2943,1435,0,1778,896,1808,948,30,52
dc1000_617.png,2943,1435,0,1771,866,1786,888,15,22
dc1000_617.png,2943,1435,0,1846,712,1868,754,22,42
dc1000_617.png,2943,1435,0,1917,695,1959,776,42,81
dc1000_617.png,2943,1435,0,2058,656,2074,683,16,27
dc1000_171.png,2943,1435,0,1004,880,1055,951,51,71
dental_radiography_0517_jpg.rf.af1de2f7fa5285a459f1e0dbfcbb2b1f.jpg,512,256,0,191,55,210,91,19,36
dental_radiography_0517_jpg.rf.af1de2f7fa5285a459f1e0dbfcbb2b1f.jpg,512,256,0,275,49,311,106,36,57
opg_xray_243.jpg,1830,913,0,1314,553,1526,754,212,201
dental_radiography_0956_jpg.rf.d0e0165e4ad9cc343c14b146ca6357fa.jpg,512,256,0,106,97,133,138,27,41
dental_radiography_0291_jpg.rf.bfc887aafd0d7c6492d25a022018f8ed.jpg,512,256,0,207,64,225,120,18,56
dental_radiography_0291_jpg.rf.bfc887aafd0d7c6492d25a022018f8ed.jpg,512,256,0,169,92,179,128,10,36
dental_radiography_0291_jpg.rf.bfc887aafd0d7c6492d25a022018f8ed.jpg,512,256,0,191,131,204,167,13,36
dental_radiography_0291_jpg.rf.bfc887aafd0d7c6492d25a022018f8ed.jpg,512,256,0,237,69,251,115,14,46
dental_radiography_0291_jpg.rf.bfc887aafd0d7c6492d25a022018f8ed.jpg,512,256,0,335,85,359,135,24,50
dental_radiography_0291_jpg.rf.bfc887aafd0d7c6492d25a022018f8ed.jpg,512,256,0,309,86,338,117,29,31
dental_radiography_0291_jpg.rf.bfc887aafd0d7c6492d25a022018f8ed.jpg,512,256,0,176,98,189,126,13,28
dental_radiography_0291_jpg.rf.bfc887aafd0d7c6492d25a022018f8ed.jpg,512,256,0,181,87,201,117,20,30
dental_radiography_0291_jpg.rf.bfc887aafd0d7c6492d25a022018f8ed.jpg,512,256,0,196,87,209,115,13,28
dental_radiography_0291_jpg.rf.bfc887aafd0d7c6492d25a022018f8ed.jpg,512,256,0,205,129,221,179,16,50
dental_radiography_0291_jpg.rf.bfc887aafd0d7c6492d25a022018f8ed.jpg,512,256,0,176,138,193,160,17,22
dc1000_429.png,2943,1435,0,1867,870,1874,878,7,8
dc1000_429.png,2943,1435,0,1792,857,1811,878,19,21
dc1000_429.png,2943,1435,0,1856,848,1866,861,10,13
dc1000_429.png,2943,1435,0,1008,841,1021,854,13,13
dc1000_429.png,2943,1435,0,979,828,1002,860,23,32
dc1000_429.png,2943,1435,0,1937,818,1944,823,7,5
dc1000_429.png,2943,1435,0,1677,775,1697,790,20,15
dc1000_429.png,2943,1435,0,1726,754,1738,765,12,11
dc1000_429.png,2943,1435,0,1872,740,1880,750,8,10
dc1000_429.png,2943,1435,0,1804,724,1813,736,9,12
dc1000_429.png,2943,1435,0,1837,718,1868,732,31,14
dc1000_429.png,2943,1435,0,1938,714,1947,725,9,11
dc1000_401.png,2943,1435,0,1951,883,1959,891,8,8
dc1000_401.png,2943,1435,0,1888,872,1940,930,52,58
dc1000_401.png,2943,1435,0,937,858,952,869,15,11
dc1000_401.png,2943,1435,0,1602,804,1613,816,11,12
dc1000_401.png,2943,1435,0,1097,774,1104,791,7,17
dc1000_401.png,2943,1435,0,1744,771,1778,816,34,45
dc1000_401.png,2943,1435,0,1824,752,1866,793,42,41
dc1000_401.png,2943,1435,0,1022,747,1038,752,16,5
dc1000_401.png,2943,1435,0,1988,743,1999,754,11,11
dc1000_401.png,2943,1435,0,820,664,892,736,72,72
dc1000_367.png,2943,1435,0,1782,828,1801,839,19,11
dc1000_367.png,2943,1435,0,969,819,977,835,8,16
dc1000_367.png,2943,1435,0,1865,806,1894,835,29,29
dc1000_367.png,2943,1435,0,840,797,852,815,12,18
dc1000_367.png,2943,1435,0,1861,768,1874,790,13,22
dc1000_367.png,2943,1435,0,1098,669,1107,677,9,8
dc1000_367.png,2943,1435,0,1087,667,1092,672,5,5
dc1000_367.png,2943,1435,0,1115,662,1125,673,10,11
dc1000_367.png,2943,1435,0,1055,637,1085,690,30,53
dc1000_367.png,2943,1435,0,638,550,665,573,27,23
dc1000_415.png,2943,1435,0,1629,852,1653,887,24,35
dc1000_415.png,2943,1435,0,1944,806,1957,819,13,13
dc1000_415.png,2943,1435,0,1660,797,1668,806,8,9
dc1000_415.png,2943,1435,0,1962,724,2029,802,67,78
dc1000_415.png,2943,1435,0,756,661,864,762,108,101
dc1000_415.png,2943,1435,0,2118,613,2126,630,8,17
dc1000_415.png,2943,1435,0,2106,613,2112,624,6,11
dc1000_415.png,2943,1435,0,920,594,930,607,10,13
dc1000_415.png,2943,1435,0,828,589,833,596,5,7
dc1000_415.png,2943,1435,0,729,551,820,638,91,87
dc1000_549.png,2943,1435,0,1560,966,1573,977,13,11
dc1000_549.png,2943,1435,0,1512,965,1519,978,7,13
dc1000_549.png,2943,1435,0,1888,889,1905,907,17,18
dc1000_549.png,2943,1435,0,1115,887,1127,896,12,9
dc1000_549.png,2943,1435,0,2016,851,2024,857,8,6
dc1000_549.png,2943,1435,0,942,809,960,848,18,39
dc1000_549.png,2943,1435,0,1297,797,1310,816,13,19
dc1000_549.png,2943,1435,0,1135,789,1148,800,13,11
dc1000_549.png,2943,1435,0,1158,772,1193,816,35,44
dc1000_549.png,2943,1435,0,1089,769,1100,781,11,12
dc1000_549.png,2943,1435,0,1963,737,1979,757,16,20
dc1000_575.png,2943,1435,0,1787,899,1799,909,12,10
dc1000_575.png,2943,1435,0,2044,879,2076,922,32,43
dc1000_575.png,2943,1435,0,1814,748,1825,768,11,20
dc1000_575.png,2943,1435,0,863,700,875,728,12,28
dental_radiography_0801_jpg.rf.9e02cb5131b57e04be75c1aa31e7fb30.jpg,512,256,0,312,151,336,181,24,30
dental_radiography_0801_jpg.rf.9e02cb5131b57e04be75c1aa31e7fb30.jpg,512,256,0,335,152,359,183,24,31
dc1000_213.png,2943,1435,0,2071,906,2090,927,19,21
dc1000_213.png,2943,1435,0,866,855,890,894,24,39
dc1000_213.png,2943,1435,0,1790,854,1799,865,9,11
dc1000_207.png,2943,1435,0,984,816,993,829,9,13
dc1000_207.png,2943,1435,0,875,727,907,768,32,41
dc1000_207.png,2943,1435,0,885,623,927,677,42,54
dental_radiography_0219_jpg.rf.eab99a818ba68415273c66599ad2142c.jpg,512,256,0,285,58,298,90,13,32
dental_radiography_0219_jpg.rf.eab99a818ba68415273c66599ad2142c.jpg,512,256,0,272,64,286,93,14,29
dc1000_561.png,2943,1435,0,1872,854,1883,862,11,8
dc1000_561.png,2943,1435,0,974,837,985,850,11,13
dc1000_561.png,2943,1435,0,1771,698,1802,741,31,43
dental_radiography_0810_jpg.rf.fd37d0328e848e8187ba6e1c6c023071.jpg,512,256,0,178,45,203,73,25,28
dental_radiography_0639_jpg.rf.68ca6361225c0091db24695a731008f9.jpg,512,256,0,390,100,424,144,34,44
dental_radiography_0925_jpg.rf.f1d268045c8533997cc4b934f26fd87f.jpg,512,256,0,194,141,205,171,11,30
dental_radiography_0925_jpg.rf.f1d268045c8533997cc4b934f26fd87f.jpg,512,256,0,204,139,224,176,20,37
dental_radiography_0925_jpg.rf.f1d268045c8533997cc4b934f26fd87f.jpg,512,256,0,271,146,289,177,18,31
dental_radiography_0925_jpg.rf.f1d268045c8533997cc4b934f26fd87f.jpg,512,256,0,308,85,319,113,11,28
dental_radiography_0925_jpg.rf.f1d268045c8533997cc4b934f26fd87f.jpg,512,256,0,160,82,172,103,12,21
dental_radiography_0925_jpg.rf.f1d268045c8533997cc4b934f26fd87f.jpg,512,256,0,171,82,184,105,13,23
dental_radiography_0925_jpg.rf.f1d268045c8533997cc4b934f26fd87f.jpg,512,256,0,189,78,204,109,15,31
dental_radiography_0925_jpg.rf.f1d268045c8533997cc4b934f26fd87f.jpg,512,256,0,224,142,239,174,15,32
opg_xray_135.jpg,1320,623,0,303,237,377,365,74,128
opg_xray_121.jpg,1178,678,0,899,205,977,338,78,133
dental_radiography_0211_jpg.rf.238d81a960dc8a8d3420ff1a2a53e1fb.jpg,512,256,0,218,66,239,97,21,31
dental_radiography_0211_jpg.rf.238d81a960dc8a8d3420ff1a2a53e1fb.jpg,512,256,0,195,109,213,159,18,50
dc1000_777.png,2943,1435,0,1020,834,1034,859,14,25
dc1000_777.png,2943,1435,0,1836,806,1848,829,12,23
dc1000_777.png,2943,1435,0,1784,806,1812,825,28,19
dc1000_777.png,2943,1435,0,972,792,980,798,8,6
dc1000_777.png,2943,1435,0,1816,614,1830,643,14,29
dc1000_777.png,2943,1435,0,2075,566,2137,628,62,62
dental_radiography_0470_jpg.rf.0a8b72d0887e6c7ba3839d8998f7b677.jpg,512,256,0,147,138,178,183,31,45
dental_radiography_0470_jpg.rf.0a8b72d0887e6c7ba3839d8998f7b677.jpg,512,256,0,330,123,365,177,35,54
opg_xray_108.jpg,1079,532,0,345,246,430,404,85,159
opg_xray_120.jpg,928,437,0,694,248,790,345,96,97
dc1000_979.png,2943,1435,0,1054,783,1137,853,83,70
dc1000_979.png,2943,1435,0,1413,749,1454,769,41,20
dc1000_979.png,2943,1435,0,1944,745,2005,781,61,36
dc1000_979.png,2943,1435,0,1378,742,1402,762,24,20
dc1000_979.png,2943,1435,0,1470,708,1480,712,10,4
dc1000_979.png,2943,1435,0,1076,703,1099,721,23,18
dc1000_979.png,2943,1435,0,1349,691,1378,734,29,43
dc1000_979.png,2943,1435,0,1243,691,1278,731,35,40
dc1000_979.png,2943,1435,0,1486,683,1505,730,19,47
dc1000_979.png,2943,1435,0,1033,678,1047,709,14,31
dc1000_979.png,2943,1435,0,1112,662,1145,717,33,55
dc1000_979.png,2943,1435,0,1885,653,1921,696,36,43
dc1000_979.png,2943,1435,0,1964,635,2042,704,78,69
dc1000_206.png,2943,1435,0,2007,604,2058,681,51,77
dc1000_206.png,2943,1435,0,2051,594,2110,623,59,29
dc1000_206.png,2943,1435,0,877,542,903,574,26,32
dental_radiography_0446_jpg.rf.8d177ef6d298cbf164ed1fb1a22f25a3.jpg,512,256,0,234,125,244,158,10,33
dc1000_560.png,2943,1435,0,1185,864,1230,880,45,16
dc1000_560.png,2943,1435,0,1639,861,1697,879,58,18
dc1000_560.png,2943,1435,0,1274,851,1314,887,40,36
dc1000_560.png,2943,1435,0,1731,828,1773,860,42,32
dc1000_574.png,2943,1435,0,1569,924,1582,937,13,13
dc1000_574.png,2943,1435,0,1632,908,1656,941,24,33
dc1000_574.png,2943,1435,0,1469,713,1493,768,24,55
dc1000_574.png,2943,1435,0,1886,688,1911,715,25,27
dc1000_574.png,2943,1435,0,1868,685,1882,710,14,25
dc1000_574.png,2943,1435,0,2142,657,2187,688,45,31
dc1000_574.png,2943,1435,0,867,641,955,676,88,35
dental_radiography_0613_jpg.rf.fc5367d99a829292b75ef5c8b5b3c730.jpg,512,256,0,330,123,344,163,14,40
dc1000_212.png,2943,1435,0,1723,907,1749,938,26,31
dc1000_212.png,2943,1435,0,1871,747,1883,758,12,11
dc1000_212.png,2943,1435,0,1909,740,1914,745,5,5
dc1000_212.png,2943,1435,0,1060,700,1108,756,48,56
dc1000_212.png,2943,1435,0,782,643,810,676,28,33
dc1000_548.png,2943,1435,0,933,950,945,962,12,12
dc1000_548.png,2943,1435,0,901,935,938,952,37,17
dental_radiography_0618_jpg.rf.833d14da0c67c7236fbacee9385f6fb5.jpg,512,256,0,404,106,435,147,31,41
dental_radiography_0120_jpg.rf.7fe3c726c403ebbc1a525332b94460b4.jpg,512,256,0,160,120,184,154,24,34
dental_radiography_0911_jpg.rf.ec4ab2c30ea9fe4085ecb06c56173c3d.jpg,512,256,0,273,120,291,183,18,63
dental_radiography_0911_jpg.rf.ec4ab2c30ea9fe4085ecb06c56173c3d.jpg,512,256,0,250,120,273,187,23,67
dental_radiography_0911_jpg.rf.ec4ab2c30ea9fe4085ecb06c56173c3d.jpg,512,256,0,351,62,385,115,34,53
dc1000_372.png,2943,1435,0,1770,867,1797,907,27,40
dc1000_372.png,2943,1435,0,832,854,841,865,9,11
dc1000_372.png,2943,1435,0,840,834,851,848,11,14
dc1000_372.png,2943,1435,0,825,781,880,829,55,48
dc1000_414.png,2943,1435,0,1148,900,1155,907,7,7
dc1000_414.png,2943,1435,0,1209,885,1220,891,11,6
dc1000_414.png,2943,1435,0,1193,878,1206,892,13,14
dc1000_414.png,2943,1435,0,1151,869,1169,894,18,25
dc1000_414.png,2943,1435,0,1961,832,1973,854,12,22
dc1000_414.png,2943,1435,0,1005,822,1014,834,9,12
dc1000_414.png,2943,1435,0,1984,815,2009,840,25,25
dc1000_414.png,2943,1435,0,996,810,1005,818,9,8
dc1000_414.png,2943,1435,0,1007,804,1011,808,4,4
dc1000_414.png,2943,1435,0,1220,747,1256,785,36,38
dc1000_414.png,2943,1435,0,1174,742,1196,762,22,20
dc1000_414.png,2943,1435,0,1147,730,1162,754,15,24
dc1000_414.png,2943,1435,0,1056,700,1092,729,36,29
dc1000_414.png,2943,1435,0,1045,673,1096,699,51,26
dental_radiography_0509_jpg.rf.3caceb5dbf28b366cf74910cae538326.jpg,512,256,0,357,74,398,114,41,40
dental_radiography_0509_jpg.rf.3caceb5dbf28b366cf74910cae538326.jpg,512,256,0,337,126,359,168,22,42
dental_radiography_0427_jpg.rf.cf7f772feaa1e2941bd0017666136580.jpg,512,256,0,222,140,238,200,16,60
dental_radiography_0427_jpg.rf.cf7f772feaa1e2941bd0017666136580.jpg,512,256,0,202,139,221,205,19,66
dc1000_428.png,2943,1435,0,1325,937,1337,955,12,18
dc1000_428.png,2943,1435,0,1317,937,1324,950,7,13
dc1000_428.png,2943,1435,0,1750,872,1786,899,36,27
dc1000_428.png,2943,1435,0,1731,865,1739,870,8,5
dc1000_428.png,2943,1435,0,1787,834,1829,867,42,33
dc1000_428.png,2943,1435,0,1449,814,1464,824,15,10
dc1000_428.png,2943,1435,0,1480,809,1490,823,10,14
dc1000_428.png,2943,1435,0,1624,784,1632,791,8,7
dc1000_428.png,2943,1435,0,1464,784,1471,790,7,6
dc1000_428.png,2943,1435,0,1749,756,1775,783,26,27
dc1000_428.png,2943,1435,0,1900,732,1922,742,22,10
dc1000_428.png,2943,1435,0,1113,725,1137,763,24,38
dental_radiography_0801_jpg.rf.d76f0a61443e5137ce696974474d228a.jpg,512,256,0,176,151,200,181,24,30
dental_radiography_0801_jpg.rf.d76f0a61443e5137ce696974474d228a.jpg,512,256,0,153,152,177,183,24,31
dental_radiography_0219_jpg.rf.c0c803275c7d1c3e775eba2672b26b08.jpg,512,256,0,285,166,298,198,13,32
dental_radiography_0219_jpg.rf.c0c803275c7d1c3e775eba2672b26b08.jpg,512,256,0,272,163,286,192,14,29
dc1000_616.png,2943,1435,0,1749,1008,1764,1030,15,22
dc1000_616.png,2943,1435,0,1959,974,1978,1011,19,37
dc1000_616.png,2943,1435,0,1026,972,1041,992,15,20
dc1000_616.png,2943,1435,0,1818,940,1835,951,17,11
dc1000_616.png,2943,1435,0,1939,926,1978,961,39,35
dc1000_616.png,2943,1435,0,1909,800,1919,812,10,12
dc1000_616.png,2943,1435,0,2087,742,2112,786,25,44
dc1000_170.png,2943,1435,0,1775,940,1837,1011,62,71
dc1000_170.png,2943,1435,0,998,896,1006,905,8,9
dc1000_164.png,2943,1435,0,1768,887,1775,895,7,8
dc1000_164.png,2943,1435,0,1700,881,1712,893,12,12
dc1000_164.png,2943,1435,0,1139,846,1185,906,46,60
dc1000_164.png,2943,1435,0,1940,821,1950,831,10,10
dc1000_164.png,2943,1435,0,1910,820,1943,859,33,39
dc1000_164.png,2943,1435,0,1005,820,1015,829,10,9
dc1000_164.png,2943,1435,0,994,816,1004,823,10,7
dc1000_164.png,2943,1435,0,1958,813,1968,832,10,19
dc1000_164.png,2943,1435,0,1992,804,2015,814,23,10
dc1000_164.png,2943,1435,0,1165,738,1170,752,5,14
dc1000_164.png,2943,1435,0,1981,700,1990,711,9,11
dc1000_164.png,2943,1435,0,1990,672,2018,711,28,39
dc1000_602.png,2943,1435,0,1903,815,1909,822,6,7
dc1000_602.png,2943,1435,0,879,747,966,825,87,78
dc1000_602.png,2943,1435,0,1817,731,1836,745,19,14
dc1000_602.png,2943,1435,0,1854,716,1875,736,21,20
dc1000_158.png,2943,1435,0,1076,871,1166,950,90,79
dc1000_158.png,2943,1435,0,1779,865,1796,878,17,13
dc1000_158.png,2943,1435,0,1084,850,1093,856,9,6
dc1000_158.png,2943,1435,0,1866,849,1874,862,8,13
dc1000_158.png,2943,1435,0,1025,848,1080,894,55,46
dc1000_158.png,2943,1435,0,1785,691,1833,749,48,58
dc1000_158.png,2943,1435,0,1861,658,1882,715,21,57
dc1000_158.png,2943,1435,0,842,608,873,644,31,36
dental_radiography_0357_jpg.rf.12be90d62f34d81828a5afbfce8ffcb8.jpg,512,256,0,369,81,392,118,23,37
dental_radiography_0357_jpg.rf.12be90d62f34d81828a5afbfce8ffcb8.jpg,512,256,0,225,95,240,143,15,48
dc1000_1008.png,2943,1435,0,1487,714,1494,730,7,16
dc1000_1008.png,2943,1435,0,1505,700,1519,733,14,33
dc1000_1008.png,2943,1435,0,1880,668,1888,675,8,7
dc1000_1008.png,2943,1435,0,1834,656,1864,688,30,32
dc1000_1008.png,2943,1435,0,1138,631,1189,697,51,66
dc1000_819.png,2943,1435,0,1267,899,1278,920,11,21
dc1000_819.png,2943,1435,0,894,854,938,886,44,32
dc1000_819.png,2943,1435,0,990,804,1092,882,102,78
dc1000_819.png,2943,1435,0,1026,659,1034,668,8,9
dc1000_819.png,2943,1435,0,1840,634,1846,649,6,15
dental_radiography_0509_jpg.rf.f39d274e6b2564eb599228e7de6e9bc4.jpg,512,256,0,114,74,155,114,41,40
dental_radiography_0509_jpg.rf.f39d274e6b2564eb599228e7de6e9bc4.jpg,512,256,0,153,126,175,168,22,42
dc1000_199.png,2943,1435,0,1634,905,1647,920,13,15
dc1000_199.png,2943,1435,0,1208,893,1217,902,9,9
dc1000_199.png,2943,1435,0,1642,864,1662,885,20,21
dc1000_199.png,2943,1435,0,1058,806,1070,820,12,14
dc1000_628.png,2943,1435,0,1513,937,1527,955,14,18
dc1000_628.png,2943,1435,0,1531,935,1544,959,13,24
dc1000_628.png,2943,1435,0,982,910,993,919,11,9
dc1000_628.png,2943,1435,0,934,903,951,920,17,17
dc1000_628.png,2943,1435,0,1034,874,1044,895,10,21
dc1000_628.png,2943,1435,0,895,839,902,846,7,7
dc1000_628.png,2943,1435,0,2083,835,2103,876,20,41
dc1000_628.png,2943,1435,0,764,800,801,848,37,48
dc1000_628.png,2943,1435,0,800,791,834,841,34,50
dc1000_628.png,2943,1435,0,1678,725,1699,744,21,19
dc1000_628.png,2943,1435,0,982,708,1001,722,19,14
dc1000_628.png,2943,1435,0,913,651,919,670,6,19
dc1000_172.png,2943,1435,0,1811,865,1848,910,37,45
dc1000_172.png,2943,1435,0,1040,838,1053,844,13,6
dc1000_172.png,2943,1435,0,1805,768,1839,796,34,28
dc1000_172.png,2943,1435,0,1164,737,1188,776,24,39
dc1000_172.png,2943,1435,0,1881,734,1889,752,8,18
dc1000_172.png,2943,1435,0,1852,732,1868,766,16,34
dc1000_172.png,2943,1435,0,898,670,918,698,20,28
dc1000_172.png,2943,1435,0,813,658,843,665,30,7
dc1000_614.png,2943,1435,0,1791,877,1820,890,29,13
dc1000_614.png,2943,1435,0,1777,868,1786,877,9,9
dc1000_614.png,2943,1435,0,1774,859,1782,864,8,5
dc1000_614.png,2943,1435,0,1972,844,1985,858,13,14
dc1000_614.png,2943,1435,0,895,754,902,771,7,17
dc1000_614.png,2943,1435,0,1167,669,1216,734,49,65
dc1000_614.png,2943,1435,0,1100,669,1108,681,8,12
dc1000_600.png,2943,1435,0,868,917,895,952,27,35
dc1000_600.png,2943,1435,0,1367,814,1381,840,14,26
dc1000_600.png,2943,1435,0,1979,756,1991,776,12,20
dc1000_600.png,2943,1435,0,2049,741,2096,795,47,54
opg_xray_15.jpg,1179,633,0,790,371,903,500,113,129
opg_xray_29.jpg,1198,642,0,844,379,950,497,106,119
dental_radiography_0038_jpg.rf.e13603a0be37e61c53a3b781040ce9f7.jpg,512,256,0,348,72,371,122,23,50
opg_xray_240.jpg,1902,850,0,1185,256,1313,499,128,242
dental_radiography_0352_jpg.rf.33c4be8d62b65e3fa545cf76fae52663.jpg,512,256,0,143,130,177,192,34,62
dental_radiography_0352_jpg.rf.33c4be8d62b65e3fa545cf76fae52663.jpg,512,256,0,188,69,206,129,18,60
dental_radiography_0352_jpg.rf.33c4be8d62b65e3fa545cf76fae52663.jpg,512,256,0,113,129,146,184,33,55
dc1000_416.png,2943,1435,0,1888,877,1897,885,9,8
dc1000_416.png,2943,1435,0,2025,827,2071,855,46,28
dc1000_416.png,2943,1435,0,2044,672,2096,717,52,45
dc1000_370.png,2943,1435,0,1109,920,1119,934,10,14
dc1000_370.png,2943,1435,0,1046,910,1071,948,25,38
dc1000_370.png,2943,1435,0,1207,899,1242,946,35,47
dc1000_370.png,2943,1435,0,913,892,919,899,6,7
dc1000_370.png,2943,1435,0,1882,875,1921,925,39,50
dc1000_370.png,2943,1435,0,1442,861,1450,869,8,8
dc1000_370.png,2943,1435,0,2061,856,2082,881,21,25
dc1000_370.png,2943,1435,0,807,658,905,763,98,105
dc1000_402.png,2943,1435,0,1782,951,1793,962,11,11
dc1000_402.png,2943,1435,0,963,894,975,903,12,9
dc1000_402.png,2943,1435,0,1991,893,2001,901,10,8
dc1000_402.png,2943,1435,0,1923,855,1963,903,40,48
dc1000_402.png,2943,1435,0,859,849,879,863,20,14
dc1000_402.png,2943,1435,0,1008,765,1017,766,9,1
dc1000_402.png,2943,1435,0,1094,723,1102,745,8,22
dc1000_402.png,2943,1435,0,1765,705,1834,821,69,116
dc1000_402.png,2943,1435,0,1008,689,1063,754,55,65
dc1000_402.png,2943,1435,0,908,671,930,690,22,19
dc1000_402.png,2943,1435,0,2100,647,2110,656,10,9
dc1000_402.png,2943,1435,0,2017,643,2099,721,82,78
dc1000_402.png,2943,1435,0,816,620,902,689,86,69
dc1000_589.png,2943,1435,0,1136,827,1152,848,16,21
dc1000_589.png,2943,1435,0,1072,814,1088,822,16,8
dc1000_589.png,2943,1435,0,1038,793,1068,814,30,21
dc1000_589.png,2943,1435,0,1826,774,1952,875,126,101
dc1000_589.png,2943,1435,0,1543,736,1567,771,24,35
dc1000_589.png,2943,1435,0,901,725,925,757,24,32
dc1000_589.png,2943,1435,0,1273,724,1296,752,23,28
dc1000_589.png,2943,1435,0,2017,723,2082,763,65,40
dc1000_589.png,2943,1435,0,1803,710,1833,748,30,38
dc1000_589.png,2943,1435,0,1858,693,1886,733,28,40
dc1000_589.png,2943,1435,0,1060,667,1066,674,6,7
dc1000_589.png,2943,1435,0,857,578,943,673,86,95
dental_radiography_0678_jpg.rf.5b4bbba90b9604b2fc1c26e076b8d2f1.jpg,512,256,0,330,75,363,130,33,55
dental_radiography_0678_jpg.rf.5b4bbba90b9604b2fc1c26e076b8d2f1.jpg,512,256,0,323,150,337,181,14,31
dental_radiography_0678_jpg.rf.5b4bbba90b9604b2fc1c26e076b8d2f1.jpg,512,256,0,177,138,196,187,19,49
dental_radiography_0574_jpg.rf.95be26e32b3474addaf2ccf7fe49e1cc.jpg,512,256,0,150,82,179,131,29,49
dental_radiography_0574_jpg.rf.95be26e32b3474addaf2ccf7fe49e1cc.jpg,512,256,0,177,73,195,126,18,53
dental_radiography_0574_jpg.rf.95be26e32b3474addaf2ccf7fe49e1cc.jpg,512,256,0,181,143,197,195,16,52
dental_radiography_0574_jpg.rf.95be26e32b3474addaf2ccf7fe49e1cc.jpg,512,256,0,388,99,416,153,28,54
dental_radiography_0574_jpg.rf.95be26e32b3474addaf2ccf7fe49e1cc.jpg,512,256,0,369,165,386,198,17,33
dental_radiography_0574_jpg.rf.95be26e32b3474addaf2ccf7fe49e1cc.jpg,512,256,0,126,78,156,137,30,59
dental_radiography_0574_jpg.rf.95be26e32b3474addaf2ccf7fe49e1cc.jpg,512,256,0,314,162,329,194,15,32
dental_radiography_0446_jpg.rf.e8e0015f0f3532236fa3f6f37b72d959.jpg,512,256,0,268,125,278,158,10,33
dc1000_238.png,2943,1435,0,1305,787,1316,811,11,24
dc1000_562.png,2943,1435,0,952,700,975,716,23,16
dc1000_562.png,2943,1435,0,2068,656,2090,692,22,36
dc1000_562.png,2943,1435,0,906,588,936,641,30,53
dental_radiography_0578_jpg.rf.e7fa4b7b3d1c15d9cdfe55f6104fae87.jpg,512,256,0,183,129,211,178,28,49
dc1000_204.png,2943,1435,0,1180,821,1201,842,21,21
dc1000_204.png,2943,1435,0,1481,791,1506,812,25,21
dc1000_204.png,2943,1435,0,1334,780,1359,795,25,15
dc1000_204.png,2943,1435,0,1763,760,1809,793,46,33
dc1000_204.png,2943,1435,0,2012,739,2025,754,13,15
dc1000_204.png,2943,1435,0,1473,739,1496,754,23,15
dc1000_204.png,2943,1435,0,1826,738,1873,762,47,24
dc1000_204.png,2943,1435,0,1401,709,1409,718,8,9
dc1000_204.png,2943,1435,0,1951,699,1995,731,44,32
dc1000_204.png,2943,1435,0,1797,694,1805,702,8,8
dc1000_204.png,2943,1435,0,1049,669,1114,713,65,44
dc1000_204.png,2943,1435,0,1860,667,1895,702,35,35
dc1000_204.png,2943,1435,0,1919,649,1950,667,31,18
dc1000_204.png,2943,1435,0,2029,612,2060,638,31,26
dc1000_204.png,2943,1435,0,1024,610,1035,626,11,16
dc1000_204.png,2943,1435,0,1938,587,1946,594,8,7
dc1000_210.png,2943,1435,0,1562,1015,1570,1023,8,8
dc1000_210.png,2943,1435,0,1613,1004,1626,1017,13,13
dc1000_210.png,2943,1435,0,1286,993,1298,1006,12,13
dc1000_210.png,2943,1435,0,2021,870,2028,877,7,7
dc1000_210.png,2943,1435,0,1845,767,1891,813,46,46
dc1000_576.png,2943,1435,0,1439,947,1458,972,19,25
dc1000_576.png,2943,1435,0,1414,946,1429,970,15,24
dc1000_576.png,2943,1435,0,1163,855,1194,883,31,28
dc1000_576.png,2943,1435,0,1080,844,1107,874,27,30
dc1000_576.png,2943,1435,0,1807,828,1826,855,19,27
dc1000_576.png,2943,1435,0,1866,822,1875,837,9,15
dc1000_576.png,2943,1435,0,1037,821,1057,844,20,23
dc1000_576.png,2943,1435,0,956,814,1014,858,58,44
dc1000_576.png,2943,1435,0,895,796,923,833,28,37
dc1000_576.png,2943,1435,0,1446,795,1464,833,18,38
dc1000_576.png,2943,1435,0,1913,792,1936,810,23,18
dc1000_576.png,2943,1435,0,1792,724,1818,761,26,37
dc1000_576.png,2943,1435,0,1155,721,1163,758,8,37
dc1000_576.png,2943,1435,0,1842,719,1880,749,38,30
dc1000_576.png,2943,1435,0,1352,694,1365,740,13,46
dc1000_576.png,2943,1435,0,897,688,917,702,20,14
dc1000_576.png,2943,1435,0,1969,667,1997,704,28,37
dc1000_576.png,2943,1435,0,1995,644,2037,688,42,44
dc1000_576.png,2943,1435,0,1873,644,1945,752,72,108
dc1000_576.png,2943,1435,0,759,535,819,622,60,87
dental_radiography_0810_jpg.rf.2b5244ba6cd3ac2ad80b65800422a1db.jpg,512,256,0,309,183,334,211,25,28
dental_radiography_1000_jpg.rf.0008da7c4c09d2052d9e5b195df3e744.jpg,512,256,0,311,93,324,133,13,40
dental_radiography_1000_jpg.rf.0008da7c4c09d2052d9e5b195df3e744.jpg,512,256,0,323,105,332,130,9,25
dental_radiography_0517_jpg.rf.cabfbd2da18cdb33a23647dc9007d40e.jpg,512,256,0,302,55,321,91,19,36
dental_radiography_0517_jpg.rf.cabfbd2da18cdb33a23647dc9007d40e.jpg,512,256,0,201,49,237,106,36,57
dental_radiography_0066_jpg.rf.8e643f1322ae32f174d707ad83120b51.jpg,512,256,0,365,79,399,138,34,59
dental_radiography_0328_jpg.rf.642692efd798286d1225538be4a2a746.jpg,512,256,0,282,136,301,188,19,52
dc1000_748.png,2943,1435,0,1202,821,1210,833,8,12
dc1000_748.png,2943,1435,0,772,729,845,788,73,59
dc1000_748.png,2943,1435,0,1092,651,1098,669,6,18
dc1000_748.png,2943,1435,0,1022,632,1040,655,18,23
dc1000_748.png,2943,1435,0,1818,586,1827,612,9,26
dc1000_748.png,2943,1435,0,1025,585,1044,601,19,16
dc1000_748.png,2943,1435,0,1902,577,1914,595,12,18
opg_xray_136.jpg,925,459,0,589,153,649,263,60,110
dc1000_761.png,2943,1435,0,881,836,892,841,11,5
dc1000_761.png,2943,1435,0,1375,771,1392,792,17,21
dc1000_761.png,2943,1435,0,1186,751,1197,765,11,14
dc1000_761.png,2943,1435,0,1125,751,1140,767,15,16
dc1000_761.png,2943,1435,0,1757,750,1788,768,31,18
dc1000_761.png,2943,1435,0,1085,729,1119,765,34,36
dc1000_761.png,2943,1435,0,1048,720,1074,751,26,31
dc1000_761.png,2943,1435,0,1917,707,1942,734,25,27
dc1000_761.png,2943,1435,0,983,698,1042,753,59,55
dc1000_761.png,2943,1435,0,920,697,931,708,11,11
dc1000_761.png,2943,1435,0,824,624,883,687,59,63
opg_xray_137.jpg,1313,580,0,820,190,881,314,62,123
opg_xray_137.jpg,1313,580,0,454,314,548,458,94,144
opg_xray_137.jpg,1313,580,0,860,190,932,302,72,111
dental_radiography_0256_jpg.rf.1411d256155537bcb812feea21304d6a.jpg,512,256,0,343,145,368,178,25,33
dental_radiography_0256_jpg.rf.1411d256155537bcb812feea21304d6a.jpg,512,256,0,354,81,392,128,38,47
dental_radiography_0256_jpg.rf.1411d256155537bcb812feea21304d6a.jpg,512,256,0,377,101,412,143,35,42
dental_radiography_0256_jpg.rf.1411d256155537bcb812feea21304d6a.jpg,512,256,0,111,142,124,176,13,34
dental_radiography_0256_jpg.rf.1411d256155537bcb812feea21304d6a.jpg,512,256,0,122,142,139,176,17,34
dental_radiography_0256_jpg.rf.1411d256155537bcb812feea21304d6a.jpg,512,256,0,114,79,156,126,42,47
dental_radiography_0256_jpg.rf.1411d256155537bcb812feea21304d6a.jpg,512,256,0,94,97,132,140,38,43
opg_xray_123.jpg,1137,511,0,325,256,421,396,96,140
dc1000_952.png,2943,1435,0,953,833,966,852,13,19
dc1000_952.png,2943,1435,0,2107,801,2183,883,76,82
dc1000_952.png,2943,1435,0,1150,796,1167,809,17,13
dc1000_952.png,2943,1435,0,2060,793,2105,883,45,90
dc1000_211.png,2943,1435,0,1786,922,1812,954,26,32
dc1000_211.png,2943,1435,0,1864,914,1880,928,16,14
dc1000_211.png,2943,1435,0,1091,908,1105,927,14,19
dc1000_211.png,2943,1435,0,899,875,912,892,13,17
dc1000_211.png,2943,1435,0,1434,793,1455,847,21,54
dc1000_211.png,2943,1435,0,1753,776,1776,807,23,31
dc1000_211.png,2943,1435,0,1586,768,1602,825,16,57
dc1000_211.png,2943,1435,0,758,606,810,665,52,59
dc1000_211.png,2943,1435,0,2100,603,2186,688,86,85
dc1000_577.png,2943,1435,0,1708,693,1734,732,26,39
dc1000_577.png,2943,1435,0,1027,641,1040,670,13,29
dc1000_577.png,2943,1435,0,810,600,823,618,13,18
dc1000_563.png,2943,1435,0,1895,890,1905,902,10,12
dc1000_563.png,2943,1435,0,993,858,1047,917,54,59
dc1000_563.png,2943,1435,0,2033,848,2043,854,10,6
dc1000_563.png,2943,1435,0,2049,841,2060,851,11,10
dc1000_563.png,2943,1435,0,2062,828,2100,848,38,20
dc1000_563.png,2943,1435,0,943,828,954,841,11,13
dc1000_563.png,2943,1435,0,960,708,1001,748,41,40
dc1000_563.png,2943,1435,0,1992,705,2032,738,40,33
dc1000_205.png,2943,1435,0,1358,991,1368,1012,10,21
dc1000_205.png,2943,1435,0,1304,987,1314,1008,10,21
dc1000_205.png,2943,1435,0,1220,987,1233,1011,13,24
dc1000_205.png,2943,1435,0,1105,970,1116,984,11,14
dc1000_205.png,2943,1435,0,997,962,1003,972,6,10
dc1000_205.png,2943,1435,0,1091,923,1122,942,31,19
dc1000_205.png,2943,1435,0,1841,920,1858,938,17,18
dc1000_205.png,2943,1435,0,992,918,1027,954,35,36
dc1000_205.png,2943,1435,0,1021,911,1028,917,7,6
dc1000_205.png,2943,1435,0,857,909,864,919,7,10
dc1000_205.png,2943,1435,0,952,906,988,948,36,42
dc1000_205.png,2943,1435,0,1960,856,2000,895,40,39
dc1000_205.png,2943,1435,0,1882,856,1965,973,83,117
dc1000_205.png,2943,1435,0,2050,828,2085,899,35,71
dc1000_205.png,2943,1435,0,1598,780,1607,788,9,8
dc1000_205.png,2943,1435,0,1710,733,1719,747,9,14
dc1000_205.png,2943,1435,0,1904,692,1946,737,42,45
dc1000_239.png,2943,1435,0,1026,945,1039,958,13,13
dc1000_239.png,2943,1435,0,1302,944,1311,953,9,9
dc1000_239.png,2943,1435,0,923,922,927,932,4,10
dc1000_239.png,2943,1435,0,1560,892,1575,914,15,22
dc1000_239.png,2943,1435,0,2033,705,2091,759,58,54
dc1000_239.png,2943,1435,0,890,672,900,685,10,13
dc1000_239.png,2943,1435,0,806,607,837,654,31,47
dental_radiography_0629_jpg.rf.2f5a6732631d74f4f203bbf8eaaab7d3.jpg,512,256,0,332,134,376,171,44,37
dc1000_588.png,2943,1435,0,2028,902,2062,933,34,31
dc1000_588.png,2943,1435,0,2035,890,2045,897,10,7
dc1000_588.png,2943,1435,0,875,880,887,889,12,9
dc1000_588.png,2943,1435,0,897,877,923,912,26,35
dc1000_588.png,2943,1435,0,1902,848,2007,932,105,84
dc1000_588.png,2943,1435,0,1841,758,1892,773,51,15
dc1000_588.png,2943,1435,0,1915,711,1930,745,15,34
dc1000_365.png,2943,1435,0,1877,771,1907,783,30,12
dc1000_365.png,2943,1435,0,842,731,891,799,49,68
dc1000_365.png,2943,1435,0,2127,666,2212,759,85,93
dc1000_365.png,2943,1435,0,1885,610,1901,639,16,29
dc1000_403.png,2943,1435,0,2074,829,2088,841,14,12
dc1000_417.png,2943,1435,0,1919,879,1926,886,7,7
dc1000_417.png,2943,1435,0,1665,801,1681,823,16,22
dc1000_417.png,2943,1435,0,1660,775,1681,794,21,19
dental_radiography_0670_jpg.rf.309929b1e0aef6e50568c7eacccfc5eb.jpg,512,256,0,311,85,331,119,20,34
dental_radiography_0678_jpg.rf.dcfcbd8824ae9a30d478e77dc7aa6000.jpg,512,256,0,149,75,182,130,33,55
dental_radiography_0678_jpg.rf.dcfcbd8824ae9a30d478e77dc7aa6000.jpg,512,256,0,175,150,189,181,14,31
dental_radiography_0678_jpg.rf.dcfcbd8824ae9a30d478e77dc7aa6000.jpg,512,256,0,316,138,335,187,19,49
dental_radiography_0524_jpg.rf.170ba4a857a62c65afffadb34b065f78.jpg,512,256,0,184,109,196,148,12,39
dental_radiography_0524_jpg.rf.170ba4a857a62c65afffadb34b065f78.jpg,512,256,0,308,121,322,151,14,30
dc1000_601.png,2943,1435,0,2058,905,2079,931,21,26
dc1000_601.png,2943,1435,0,2040,886,2057,898,17,12
dc1000_601.png,2943,1435,0,1960,739,1974,762,14,23
dc1000_601.png,2943,1435,0,1949,737,1958,763,9,26
dc1000_601.png,2943,1435,0,2036,727,2065,763,29,36
dc1000_167.png,2943,1435,0,1197,899,1208,912,11,13
dc1000_167.png,2943,1435,0,1820,873,1833,883,13,10
dc1000_167.png,2943,1435,0,2092,824,2110,852,18,28
dc1000_167.png,2943,1435,0,1907,821,1920,830,13,9
dc1000_167.png,2943,1435,0,1791,779,1813,792,22,13
dc1000_167.png,2943,1435,0,760,749,825,815,65,66
dc1000_167.png,2943,1435,0,843,709,867,725,24,16
dc1000_167.png,2943,1435,0,2062,708,2076,715,14,7
dc1000_173.png,2943,1435,0,1014,874,1031,900,17,26
opg_xray_8.jpg,1194,660,0,276,155,355,318,79,163
opg_xray_8.jpg,1194,660,0,714,200,768,340,54,140
dc1000_615.png,2943,1435,0,1657,935,1671,948,14,13
dc1000_615.png,2943,1435,0,1242,899,1311,992,69,93
dc1000_615.png,2943,1435,0,1671,722,1702,761,31,39
dc1000_615.png,2943,1435,0,1873,676,1916,750,43,74
dc1000_615.png,2943,1435,0,1162,670,1181,702,19,32
dc1000_629.png,2943,1435,0,1609,1002,1623,1025,14,23
dc1000_629.png,2943,1435,0,1788,941,1809,959,21,18
dc1000_629.png,2943,1435,0,850,929,871,976,21,47
dc1000_629.png,2943,1435,0,1830,817,1846,835,16,18
dc1000_629.png,2943,1435,0,1801,762,1831,804,30,42
dc1000_629.png,2943,1435,0,962,743,971,756,9,13
dental_radiography_0893_jpg.rf.31f8d570fad68e7040c91a89f6a3df4b.jpg,512,256,0,314,57,346,110,32,53
dental_radiography_0135_jpg.rf.8e570bb3630b3fc116a1a7cc457a3c4b.jpg,512,256,0,348,124,373,161,25,37
dc1000_198.png,2943,1435,0,1072,830,1078,837,6,7
dc1000_198.png,2943,1435,0,1883,828,1892,847,9,19
dc1000_198.png,2943,1435,0,1881,812,1885,822,4,10
